0.0
0.0015
0.003
0.0045
0.006
0.0075
0.009
0.0105
0.012
0.0135
0.015
0.0165
0.018
0.0195
0.021
0.0225
0.024
0.0255
0.027
0.0285
0.03
0.0315
0.033
0.0345
0.036
0.0375
0.039
0.0405
0.042
0.0435
0.045
0.0465
0.048
0.0495
0.051
0.0525
0.054
0.0555
0.057
0.0585
0.06
0.0615
0.063
0.0645
0.066
0.0675
0.069
0.0705
0.072
0.0735
0.075
0.0765
0.078
0.0795
0.081
0.0825
0.084
0.0855
0.087
0.0885
0.09
0.0915
0.093
0.0945
0.096
0.0975
0.099
0.1005
0.102
0.1035
0.105
0.1065
0.108
0.1095
0.111
0.1125
0.114
0.1155
0.117
0.1185
0.12
0.1215
0.123
0.1245
0.126
0.1275
0.129
0.1305
0.132
0.1335
0.135
0.1365
0.138
0.1395
0.141
0.1425
0.144
0.1455
0.147
0.1485
0.15
0.1515
0.153
0.1545
0.156
0.1575
0.159
0.1605
0.162
0.1635
0.165
0.1665
0.168
0.1695
0.171
0.1725
0.174
0.1755
0.177
0.1785
0.18
0.1815
0.183
0.1845
0.186
0.1875
0.189
0.1905
0.192
0.1935
0.195
0.1965
0.198
0.1995
0.201
0.2025
0.204
0.2055
0.207
0.2085
0.21
0.2115
0.213
0.2145
0.216
0.2175
0.219
0.2205
0.222
0.2235
0.225
0.2265
0.228
0.2295
0.231
0.2325
0.234
0.2355
0.237
0.2385
0.24
0.2415
0.243
0.2445
0.246
0.2475
0.249
0.2505
0.252
0.2535
0.255
0.2565
0.258
0.2595
0.261
0.2625
0.264
0.2655
0.267
0.2685
0.27
0.2715
0.273
0.2745
0.276
0.2775
0.279
0.2805
0.282
0.2835
0.285
0.2865
0.288
0.2895
0.291
0.2925
0.294
0.2955
0.297
0.2985
0.3
0.3015
0.303
0.3045
0.306
0.3075
0.309
0.3105
0.312
0.3135
0.315
0.3165
0.318
0.3195
0.321
0.3225
0.324
0.3255
0.327
0.3285
0.33
0.3315
0.333
0.3345
0.336
0.3375
0.339
0.3405
0.342
0.3435
0.345
0.3465
0.348
0.3495
0.351
0.3525
0.354
0.3555
0.357
0.3585
0.36
0.3615
0.363
0.3645
0.366
0.3675
0.369
0.3705
0.372
0.3735
0.375
0.3765
0.378
0.3795
0.381
0.3825
0.384
0.3855
0.387
0.3885
0.39
0.3915
0.393
0.3945
0.396
0.3975
0.399
0.4005
0.402
0.4035
0.405
0.4065
0.408
0.4095
0.411
0.4125
0.414
0.4155
0.417
0.4185
0.42
0.4215
0.423
0.4245
0.426
0.4275
0.429
0.4305
0.432
0.4335
0.435
0.4365
0.438
0.4395
0.441
0.4425
0.444
0.4455
0.447
0.4485
0.45
0.4515
0.453
0.4545
0.456
0.4575
0.459
0.4605
0.462
0.4635
0.465
0.4665
0.468
0.4695
0.471
0.4725
0.474
0.4755
0.477
0.4785
0.48
0.4815
0.483
0.4845
0.486
0.4875
0.489
0.4905
0.492
0.4935
0.495
0.4965
0.498
0.4995
0.501
0.5025
0.504
0.5055
0.507
0.5085
0.51
0.5115
0.513
0.5145
0.516
0.5175
0.519
0.5205
0.522
0.5235
0.525
0.5265
0.528
0.5295
0.531
0.5325
0.534
0.5355
0.537
0.5385
0.54
0.5415
0.543
0.5445
0.546
0.5475
0.549
0.5505
0.552
0.5535
0.555
0.5565
0.558
0.5595
0.561
0.5625
0.564
0.5655
0.567
0.5685
0.57
0.5715
0.573
0.5745
0.576
0.5775
0.579
0.5805
0.582
0.5835
0.585
0.5865
0.588
0.5895
0.591
0.5925
0.594
0.5955
0.597
0.5985
0.0
0.601
0.602
0.603
0.604
0.605
0.606
0.607
0.608
0.609
0.61
0.611
0.612
0.613
0.614
0.615
0.616
0.617
0.618
0.619
0.62
0.621
0.622
0.623
0.624
0.625
0.626
0.627
0.628
0.629
0.63
0.631
0.632
0.633
0.634
0.635
0.636
0.637
0.638
0.639
0.64
0.641
0.642
0.643
0.644
0.645
0.646
0.647
0.648
0.649
0.65
0.651
0.652
0.653
0.654
0.655
0.656
0.657
0.658
0.659
0.66
0.661
0.662
0.663
0.664
0.665
0.666
0.667
0.668
0.669
0.67
0.671
0.672
0.673
0.674
0.675
0.676
0.677
0.678
0.679
0.68
0.681
0.682
0.683
0.684
0.685
0.686
0.687
0.688
0.689
0.69
0.691
0.692
0.693
0.694
0.695
0.696
0.697
0.698
0.699
0.7
0.701
0.702
0.703
0.704
0.705
0.706
0.707
0.708
0.709
0.71
0.711
0.712
0.713
0.714
0.715
0.716
0.717
0.718
0.719
0.72
0.721
0.722
0.723
0.724
0.725
0.726
0.727
0.728
0.729
0.73
0.731
0.732
0.733
0.734
0.735
0.736
0.737
0.738
0.739
0.74
0.741
0.742
0.743
0.744
0.745
0.746
0.747
0.748
0.749
0.75
0.751
0.752
0.753
0.754
0.755
0.756
0.757
0.758
0.759
0.76
0.761
0.762
0.763
0.764
0.765
0.766
0.767
0.768
0.769
0.77
0.771
0.772
0.773
0.774
0.775
0.776
0.777
0.778
0.779
0.78
0.781
0.782
0.783
0.784
0.785
0.786
0.787
0.788
0.789
0.79
0.791
0.792
0.793
0.794
0.795
0.796
0.797
0.798
0.799
0.8
0.801
0.802
0.803
0.804
0.805
0.806
0.807
0.808
0.809
0.81
0.811
0.812
0.813
0.814
0.815
0.816
0.817
0.818
0.819
0.82
0.821
0.822
0.823
0.824
0.825
0.826
0.827
0.828
0.829
0.83
0.831
0.832
0.833
0.834
0.835
0.836
0.837
0.838
0.839
0.84
0.841
0.842
0.843
0.844
0.845
0.846
0.847
0.848
0.849
0.85
0.851
0.852
0.853
0.854
0.855
0.856
0.857
0.858
0.859
0.86
0.861
0.862
0.863
0.864
0.865
0.866
0.867
0.868
0.869
0.87
0.871
0.872
0.873
0.874
0.875
0.876
0.877
0.878
0.879
0.88
0.881
0.882
0.883
0.884
0.885
0.886
0.887
0.888
0.889
0.89
0.891
0.892
0.893
0.894
0.895
0.896
0.897
0.898
0.899
0.9
0.901
0.902
0.903
0.904
0.905
0.906
0.907
0.908
0.909
0.91
0.911
0.912
0.913
0.914
0.915
0.916
0.917
0.918
0.919
0.92
0.921
0.922
0.923
0.924
0.925
0.926
0.927
0.928
0.929
0.93
0.931
0.932
0.933
0.934
0.935
0.936
0.937
0.938
0.939
0.94
0.941
0.942
0.943
0.944
0.945
0.946
0.947
0.948
0.949
0.95
0.951
0.952
0.953
0.954
0.955
0.956
0.957
0.958
0.959
0.96
0.961
0.962
0.963
0.964
0.965
0.966
0.967
0.968
0.969
0.97
0.971
0.972
0.973
0.974
0.975
0.976
0.977
0.978
0.979
0.98
0.981
0.982
0.983
0.984
0.985
0.986
0.987
0.988
0.989
0.99
0.991
0.992
0.993
0.994
0.995
0.996
0.997
0.998
0.999
0.0
0.99925
0.9985
0.99775
0.997
0.99625
0.9955
0.99475
0.994
0.99325
0.9925
0.99175
0.991
0.99025
0.9895
0.98875
0.988
0.98725
0.9865
0.98575
0.985
0.98425
0.9835
0.98275
0.982
0.98125
0.9805
0.97975
0.979
0.97825
0.9775
0.97675
0.976
0.97525
0.9745
0.97375
0.973
0.97225
0.9715
0.97075
0.97
0.96925
0.9685
0.96775
0.967
0.96625
0.9655
0.96475
0.964
0.96325
0.9625
0.96175
0.961
0.96025
0.9595
0.95875
0.958
0.95725
0.9565
0.95575
0.955
0.95425
0.9535
0.95275
0.952
0.95125
0.9505
0.94975
0.949
0.94825
0.9475
0.94675
0.946
0.94525
0.9445
0.94375
0.943
0.94225
0.9415
0.94075
0.94
0.93925
0.9385
0.93775
0.937
0.93625
0.9355
0.93475
0.934
0.93325
0.9325
0.93175
0.931
0.93025
0.9295
0.92875
0.928
0.92725
0.9265
0.92575
0.925
0.92425
0.9235
0.92275
0.922
0.92125
0.9205
0.91975
0.919
0.91825
0.9175
0.91675
0.916
0.91525
0.9145
0.91375
0.913
0.91225
0.9115
0.91075
0.91
0.90925
0.9085
0.90775
0.907
0.90625
0.9055
0.90475
0.904
0.90325
0.9025
0.90175
0.901
0.90025
0.8995
0.89875
0.898
0.89725
0.8965
0.89575
0.895
0.89425
0.8935
0.89275
0.892
0.89125
0.8905
0.88975
0.889
0.88825
0.8875
0.88675
0.886
0.88525
0.8845
0.88375
0.883
0.88225
0.8815
0.88075
0.88
0.87925
0.8785
0.87775
0.877
0.87625
0.8755
0.87475
0.874
0.87325
0.8725
0.87175
0.871
0.87025
0.8695
0.86875
0.868
0.86725
0.8665
0.86575
0.865
0.86425
0.8635
0.86275
0.862
0.86125
0.8605
0.85975
0.859
0.85825
0.8575
0.85675
0.856
0.85525
0.8545
0.85375
0.853
0.85225
0.8515
0.85075
0.85
0.84925
0.8485
0.84775
0.847
0.84625
0.8455
0.84475
0.844
0.84325
0.8425
0.84175
0.841
0.84025
0.8395
0.83875
0.838
0.83725
0.8365
0.83575
0.835
0.83425
0.8335
0.83275
0.832
0.83125
0.8305
0.82975
0.829
0.82825
0.8275
0.82675
0.826
0.82525
0.8245
0.82375
0.823
0.82225
0.8215
0.82075
0.82
0.81925
0.8185
0.81775
0.817
0.81625
0.8155
0.81475
0.814
0.81325
0.8125
0.81175
0.811
0.81025
0.8095
0.80875
0.808
0.80725
0.8065
0.80575
0.805
0.80425
0.8035
0.80275
0.802
0.80125
0.8005
0.79975
0.799
0.79825
0.7975
0.79675
0.796
0.79525
0.7945
0.79375
0.793
0.79225
0.7915
0.79075
0.79
0.78925
0.7885
0.78775
0.787
0.78625
0.7855
0.78475
0.784
0.78325
0.7825
0.78175
0.781
0.78025
0.7795
0.77875
0.778
0.77725
0.7765
0.77575
0.775
0.77425
0.7735
0.77275
0.772
0.77125
0.7705
0.76975
0.769
0.76825
0.7675
0.76675
0.766
0.76525
0.7645
0.76375
0.763
0.76225
0.7615
0.76075
0.76
0.75925
0.7585
0.75775
0.757
0.75625
0.7555
0.75475
0.754
0.75325
0.7525
0.75175
0.751
0.75025
0.7495
0.74875
0.748
0.74725
0.7465
0.74575
0.745
0.74425
0.7435
0.74275
0.742
0.74125
0.7405
0.73975
0.739
0.73825
0.7375
0.73675
0.736
0.73525
0.7345
0.73375
0.733
0.73225
0.7315
0.73075
0.73
0.72925
0.7285
0.72775
0.727
0.72625
0.7255
0.72475
0.724
0.72325
0.7225
0.72175
0.721
0.72025
0.7195
0.71875
0.718
0.71725
0.7165
0.71575
0.715
0.71425
0.7135
0.71275
0.712
0.71125
0.7105
0.70975
0.709
0.70825
0.7075
0.70675
0.706
0.70525
0.7045
0.70375
0.703
0.70225
0.7015
0.70075
0.7
0.69925
0.6985
0.69775
0.697
0.69625
0.6955
0.69475
0.694
0.69325
0.6925
0.69175
0.691
0.69025
0.6895
0.68875
0.688
0.68725
0.6865
0.68575
0.685
0.68425
0.6835
0.68275
0.682
0.68125
0.6805
0.67975
0.679
0.67825
0.6775
0.67675
0.676
0.67525
0.6745
0.67375
0.673
0.67225
0.6715
0.67075
0.67
0.66925
0.6685
0.66775
0.667
0.66625
0.6655
0.66475
0.664
0.66325
0.6625
0.66175
0.661
0.66025
0.6595
0.65875
0.658
0.65725
0.6565
0.65575
0.655
0.65425
0.6535
0.65275
0.652
0.65125
0.6505
0.64975
0.649
0.64825
0.6475
0.64675
0.646
0.64525
0.6445
0.64375
0.643
0.64225
0.6415
0.64075
0.64
0.63925
0.6385
0.63775
0.637
0.63625
0.6355
0.63475
0.634
0.63325
0.6325
0.63175
0.631
0.63025
0.6295
0.62875
0.628
0.62725
0.6265
0.62575
0.625
0.62425
0.6235
0.62275
0.622
0.62125
0.6205
0.61975
0.619
0.61825
0.6175
0.61675
0.616
0.61525
0.6145
0.61375
0.613
0.61225
0.6115
0.61075
0.61
0.60925
0.6085
0.60775
0.607
0.60625
0.6055
0.60475
0.604
0.60325
0.6025
0.60175
0.601
0.60025
0.5995
0.59875
0.598
0.59725
0.5965
0.59575
0.595
0.59425
0.5935
0.59275
0.592
0.59125
0.5905
0.58975
0.589
0.58825
0.5875
0.58675
0.586
0.58525
0.5845
0.58375
0.583
0.58225
0.5815
0.58075
0.58
0.57925
0.5785
0.57775
0.577
0.57625
0.5755
0.57475
0.574
0.57325
0.5725
0.57175
0.571
0.57025
0.5695
0.56875
0.568
0.56725
0.5665
0.56575
0.565
0.56425
0.5635
0.56275
0.562
0.56125
0.5605
0.55975
0.559
0.55825
0.5575
0.55675
0.556
0.55525
0.5545
0.55375
0.553
0.55225
0.5515
0.55075
0.55
0.54925
0.5485
0.54775
0.547
0.54625
0.5455
0.54475
0.544
0.54325
0.5425
0.54175
0.541
0.54025
0.5395
0.53875
0.538
0.53725
0.5365
0.53575
0.535
0.53425
0.5335
0.53275
0.532
0.53125
0.5305
0.52975
0.529
0.52825
0.5275
0.52675
0.526
0.52525
0.5245
0.52375
0.523
0.52225
0.5215
0.52075
0.52
0.51925
0.5185
0.51775
0.517
0.51625
0.5155
0.51475
0.514
0.51325
0.5125
0.51175
0.511
0.51025
0.5095
0.50875
0.508
0.50725
0.5065
0.50575
0.505
0.50425
0.5035
0.50275
0.502
0.50125
0.5005
0.49975
0.499
0.49825
0.4975
0.49675
0.496
0.49525
0.4945
0.49375
0.493
0.49225
0.4915
0.49075
0.49
0.48925
0.4885
0.48775
0.487
0.48625
0.4855
0.48475
0.484
0.48325
0.4825
0.48175
0.481
0.48025
0.4795
0.47875
0.478
0.47725
0.4765
0.47575
0.475
0.47425
0.4735
0.47275
0.472
0.47125
0.4705
0.46975
0.469
0.46825
0.4675
0.46675
0.466
0.46525
0.4645
0.46375
0.463
0.46225
0.4615
0.46075
0.46
0.45925
0.4585
0.45775
0.457
0.45625
0.4555
0.45475
0.454
0.45325
0.4525
0.45175
0.451
0.45025
0.4495
0.44875
0.448
0.44725
0.4465
0.44575
0.445
0.44425
0.4435
0.44275
0.442
0.44125
0.4405
0.43975
0.439
0.43825
0.4375
0.43675
0.436
0.43525
0.4345
0.43375
0.433
0.43225
0.4315
0.43075
0.43
0.42925
0.4285
0.42775
0.427
0.42625
0.4255
0.42475
0.424
0.42325
0.4225
0.42175
0.421
0.42025
0.4195
0.41875
0.418
0.41725
0.4165
0.41575
0.415
0.41425
0.4135
0.41275
0.412
0.41125
0.4105
0.40975
0.409
0.40825
0.4075
0.40675
0.406
0.40525
0.4045
0.40375
0.403
0.40225
0.4015
0.40075
0.0
0.39975
0.3995
0.39925
0.399
0.39875
0.3985
0.39825
0.398
0.39775
0.3975
0.39725
0.397
0.39675
0.3965
0.39625
0.396
0.39575
0.3955
0.39525
0.395
0.39475
0.3945
0.39425
0.394
0.39375
0.3935
0.39325
0.393
0.39275
0.3925
0.39225
0.392
0.39175
0.3915
0.39125
0.391
0.39075
0.3905
0.39025
0.39
0.38975
0.3895
0.38925
0.389
0.38875
0.3885
0.38825
0.388
0.38775
0.3875
0.38725
0.387
0.38675
0.3865
0.38625
0.386
0.38575
0.3855
0.38525
0.385
0.38475
0.3845
0.38425
0.384
0.38375
0.3835
0.38325
0.383
0.38275
0.3825
0.38225
0.382
0.38175
0.3815
0.38125
0.381
0.38075
0.3805
0.38025
0.38
0.37975
0.3795
0.37925
0.379
0.37875
0.3785
0.37825
0.378
0.37775
0.3775
0.37725
0.377
0.37675
0.3765
0.37625
0.376
0.37575
0.3755
0.37525
0.375
0.37475
0.3745
0.37425
0.374
0.37375
0.3735
0.37325
0.373
0.37275
0.3725
0.37225
0.372
0.37175
0.3715
0.37125
0.371
0.37075
0.3705
0.37025
0.37
0.36975
0.3695
0.36925
0.369
0.36875
0.3685
0.36825
0.368
0.36775
0.3675
0.36725
0.367
0.36675
0.3665
0.36625
0.366
0.36575
0.3655
0.36525
0.365
0.36475
0.3645
0.36425
0.364
0.36375
0.3635
0.36325
0.363
0.36275
0.3625
0.36225
0.362
0.36175
0.3615
0.36125
0.361
0.36075
0.3605
0.36025
0.36
0.35975
0.3595
0.35925
0.359
0.35875
0.3585
0.35825
0.358
0.35775
0.3575
0.35725
0.357
0.35675
0.3565
0.35625
0.356
0.35575
0.3555
0.35525
0.355
0.35475
0.3545
0.35425
0.354
0.35375
0.3535
0.35325
0.353
0.35275
0.3525
0.35225
0.352
0.35175
0.3515
0.35125
0.351
0.35075
0.3505
0.35025
0.35
0.34975
0.3495
0.34925
0.349
0.34875
0.3485
0.34825
0.348
0.34775
0.3475
0.34725
0.347
0.34675
0.3465
0.34625
0.346
0.34575
0.3455
0.34525
0.345
0.34475
0.3445
0.34425
0.344
0.34375
0.3435
0.34325
0.343
0.34275
0.3425
0.34225
0.342
0.34175
0.3415
0.34125
0.341
0.34075
0.3405
0.34025
0.34
0.33975
0.3395
0.33925
0.339
0.33875
0.3385
0.33825
0.338
0.33775
0.3375
0.33725
0.337
0.33675
0.3365
0.33625
0.336
0.33575
0.3355
0.33525
0.335
0.33475
0.3345
0.33425
0.334
0.33375
0.3335
0.33325
0.333
0.33275
0.3325
0.33225
0.332
0.33175
0.3315
0.33125
0.331
0.33075
0.3305
0.33025
0.33
0.32975
0.3295
0.32925
0.329
0.32875
0.3285
0.32825
0.328
0.32775
0.3275
0.32725
0.327
0.32675
0.3265
0.32625
0.326
0.32575
0.3255
0.32525
0.325
0.32475
0.3245
0.32425
0.324
0.32375
0.3235
0.32325
0.323
0.32275
0.3225
0.32225
0.322
0.32175
0.3215
0.32125
0.321
0.32075
0.3205
0.32025
0.32
0.31975
0.3195
0.31925
0.319
0.31875
0.3185
0.31825
0.318
0.31775
0.3175
0.31725
0.317
0.31675
0.3165
0.31625
0.316
0.31575
0.3155
0.31525
0.315
0.31475
0.3145
0.31425
0.314
0.31375
0.3135
0.31325
0.313
0.31275
0.3125
0.31225
0.312
0.31175
0.3115
0.31125
0.311
0.31075
0.3105
0.31025
0.31
0.30975
0.3095
0.30925
0.309
0.30875
0.3085
0.30825
0.308
0.30775
0.3075
0.30725
0.307
0.30675
0.3065
0.30625
0.306
0.30575
0.3055
0.30525
0.305
0.30475
0.3045
0.30425
0.304
0.30375
0.3035
0.30325
0.303
0.30275
0.3025
0.30225
0.302
0.30175
0.3015
0.30125
0.301
0.30075
0.3005
0.30025
0.3
0.29975
0.2995
0.29925
0.299
0.29875
0.2985
0.29825
0.298
0.29775
0.2975
0.29725
0.297
0.29675
0.2965
0.29625
0.296
0.29575
0.2955
0.29525
0.295
0.29475
0.2945
0.29425
0.294
0.29375
0.2935
0.29325
0.293
0.29275
0.2925
0.29225
0.292
0.29175
0.2915
0.29125
0.291
0.29075
0.2905
0.29025
0.29
0.28975
0.2895
0.28925
0.289
0.28875
0.2885
0.28825
0.288
0.28775
0.2875
0.28725
0.287
0.28675
0.2865
0.28625
0.286
0.28575
0.2855
0.28525
0.285
0.28475
0.2845
0.28425
0.284
0.28375
0.2835
0.28325
0.283
0.28275
0.2825
0.28225
0.282
0.28175
0.2815
0.28125
0.281
0.28075
0.2805
0.28025
0.28
0.27975
0.2795
0.27925
0.279
0.27875
0.2785
0.27825
0.278
0.27775
0.2775
0.27725
0.277
0.27675
0.2765
0.27625
0.276
0.27575
0.2755
0.27525
0.275
0.27475
0.2745
0.27425
0.274
0.27375
0.2735
0.27325
0.273
0.27275
0.2725
0.27225
0.272
0.27175
0.2715
0.27125
0.271
0.27075
0.2705
0.27025
0.27
0.26975
0.2695
0.26925
0.269
0.26875
0.2685
0.26825
0.268
0.26775
0.2675
0.26725
0.267
0.26675
0.2665
0.26625
0.266
0.26575
0.2655
0.26525
0.265
0.26475
0.2645
0.26425
0.264
0.26375
0.2635
0.26325
0.263
0.26275
0.2625
0.26225
0.262
0.26175
0.2615
0.26125
0.261
0.26075
0.2605
0.26025
0.26
0.25975
0.2595
0.25925
0.259
0.25875
0.2585
0.25825
0.258
0.25775
0.2575
0.25725
0.257
0.25675
0.2565
0.25625
0.256
0.25575
0.2555
0.25525
0.255
0.25475
0.2545
0.25425
0.254
0.25375
0.2535
0.25325
0.253
0.25275
0.2525
0.25225
0.252
0.25175
0.2515
0.25125
0.251
0.25075
0.2505
0.25025
0.25
0.24975
0.2495
0.24925
0.249
0.24875
0.2485
0.24825
0.248
0.24775
0.2475
0.24725
0.247
0.24675
0.2465
0.24625
0.246
0.24575
0.2455
0.24525
0.245
0.24475
0.2445
0.24425
0.244
0.24375
0.2435
0.24325
0.243
0.24275
0.2425
0.24225
0.242
0.24175
0.2415
0.24125
0.241
0.24075
0.2405
0.24025
0.24
0.23975
0.2395
0.23925
0.239
0.23875
0.2385
0.23825
0.238
0.23775
0.2375
0.23725
0.237
0.23675
0.2365
0.23625
0.236
0.23575
0.2355
0.23525
0.235
0.23475
0.2345
0.23425
0.234
0.23375
0.2335
0.23325
0.233
0.23275
0.2325
0.23225
0.232
0.23175
0.2315
0.23125
0.231
0.23075
0.2305
0.23025
0.23
0.22975
0.2295
0.22925
0.229
0.22875
0.2285
0.22825
0.228
0.22775
0.2275
0.22725
0.227
0.22675
0.2265
0.22625
0.226
0.22575
0.2255
0.22525
0.225
0.22475
0.2245
0.22425
0.224
0.22375
0.2235
0.22325
0.223
0.22275
0.2225
0.22225
0.222
0.22175
0.2215
0.22125
0.221
0.22075
0.2205
0.22025
0.22
0.21975
0.2195
0.21925
0.219
0.21875
0.2185
0.21825
0.218
0.21775
0.2175
0.21725
0.217
0.21675
0.2165
0.21625
0.216
0.21575
0.2155
0.21525
0.215
0.21475
0.2145
0.21425
0.214
0.21375
0.2135
0.21325
0.213
0.21275
0.2125
0.21225
0.212
0.21175
0.2115
0.21125
0.211
0.21075
0.2105
0.21025
0.21
0.20975
0.2095
0.20925
0.209
0.20875
0.2085
0.20825
0.208
0.20775
0.2075
0.20725
0.207
0.20675
0.2065
0.20625
0.206
0.20575
0.2055
0.20525
0.205
0.20475
0.2045
0.20425
0.204
0.20375
0.2035
0.20325
0.203
0.20275
0.2025
0.20225
0.202
0.20175
0.2015
0.20125
0.201
0.20075
0.2005
0.20025
0.0
0.199916666667
0.199833333333
0.19975
0.199666666667
0.199583333333
0.1995
0.199416666667
0.199333333333
0.19925
0.199166666667
0.199083333333
0.199
0.198916666667
0.198833333333
0.19875
0.198666666667
0.198583333333
0.1985
0.198416666667
0.198333333333
0.19825
0.198166666667
0.198083333333
0.198
0.197916666667
0.197833333333
0.19775
0.197666666667
0.197583333333
0.1975
0.197416666667
0.197333333333
0.19725
0.197166666667
0.197083333333
0.197
0.196916666667
0.196833333333
0.19675
0.196666666667
0.196583333333
0.1965
0.196416666667
0.196333333333
0.19625
0.196166666667
0.196083333333
0.196
0.195916666667
0.195833333333
0.19575
0.195666666667
0.195583333333
0.1955
0.195416666667
0.195333333333
0.19525
0.195166666667
0.195083333333
0.195
0.194916666667
0.194833333333
0.19475
0.194666666667
0.194583333333
0.1945
0.194416666667
0.194333333333
0.19425
0.194166666667
0.194083333333
0.194
0.193916666667
0.193833333333
0.19375
0.193666666667
0.193583333333
0.1935
0.193416666667
0.193333333333
0.19325
0.193166666667
0.193083333333
0.193
0.192916666667
0.192833333333
0.19275
0.192666666667
0.192583333333
0.1925
0.192416666667
0.192333333333
0.19225
0.192166666667
0.192083333333
0.192
0.191916666667
0.191833333333
0.19175
0.191666666667
0.191583333333
0.1915
0.191416666667
0.191333333333
0.19125
0.191166666667
0.191083333333
0.191
0.190916666667
0.190833333333
0.19075
0.190666666667
0.190583333333
0.1905
0.190416666667
0.190333333333
0.19025
0.190166666667
0.190083333333
0.19
0.189916666667
0.189833333333
0.18975
0.189666666667
0.189583333333
0.1895
0.189416666667
0.189333333333
0.18925
0.189166666667
0.189083333333
0.189
0.188916666667
0.188833333333
0.18875
0.188666666667
0.188583333333
0.1885
0.188416666667
0.188333333333
0.18825
0.188166666667
0.188083333333
0.188
0.187916666667
0.187833333333
0.18775
0.187666666667
0.187583333333
0.1875
0.187416666667
0.187333333333
0.18725
0.187166666667
0.187083333333
0.187
0.186916666667
0.186833333333
0.18675
0.186666666667
0.186583333333
0.1865
0.186416666667
0.186333333333
0.18625
0.186166666667
0.186083333333
0.186
0.185916666667
0.185833333333
0.18575
0.185666666667
0.185583333333
0.1855
0.185416666667
0.185333333333
0.18525
0.185166666667
0.185083333333
0.185
0.184916666667
0.184833333333
0.18475
0.184666666667
0.184583333333
0.1845
0.184416666667
0.184333333333
0.18425
0.184166666667
0.184083333333
0.184
0.183916666667
0.183833333333
0.18375
0.183666666667
0.183583333333
0.1835
0.183416666667
0.183333333333
0.18325
0.183166666667
0.183083333333
0.183
0.182916666667
0.182833333333
0.18275
0.182666666667
0.182583333333
0.1825
0.182416666667
0.182333333333
0.18225
0.182166666667
0.182083333333
0.182
0.181916666667
0.181833333333
0.18175
0.181666666667
0.181583333333
0.1815
0.181416666667
0.181333333333
0.18125
0.181166666667
0.181083333333
0.181
0.180916666667
0.180833333333
0.18075
0.180666666667
0.180583333333
0.1805
0.180416666667
0.180333333333
0.18025
0.180166666667
0.180083333333
0.18
0.179916666667
0.179833333333
0.17975
0.179666666667
0.179583333333
0.1795
0.179416666667
0.179333333333
0.17925
0.179166666667
0.179083333333
0.179
0.178916666667
0.178833333333
0.17875
0.178666666667
0.178583333333
0.1785
0.178416666667
0.178333333333
0.17825
0.178166666667
0.178083333333
0.178
0.177916666667
0.177833333333
0.17775
0.177666666667
0.177583333333
0.1775
0.177416666667
0.177333333333
0.17725
0.177166666667
0.177083333333
0.177
0.176916666667
0.176833333333
0.17675
0.176666666667
0.176583333333
0.1765
0.176416666667
0.176333333333
0.17625
0.176166666667
0.176083333333
0.176
0.175916666667
0.175833333333
0.17575
0.175666666667
0.175583333333
0.1755
0.175416666667
0.175333333333
0.17525
0.175166666667
0.175083333333
0.175
0.174916666667
0.174833333333
0.17475
0.174666666667
0.174583333333
0.1745
0.174416666667
0.174333333333
0.17425
0.174166666667
0.174083333333
0.174
0.173916666667
0.173833333333
0.17375
0.173666666667
0.173583333333
0.1735
0.173416666667
0.173333333333
0.17325
0.173166666667
0.173083333333
0.173
0.172916666667
0.172833333333
0.17275
0.172666666667
0.172583333333
0.1725
0.172416666667
0.172333333333
0.17225
0.172166666667
0.172083333333
0.172
0.171916666667
0.171833333333
0.17175
0.171666666667
0.171583333333
0.1715
0.171416666667
0.171333333333
0.17125
0.171166666667
0.171083333333
0.171
0.170916666667
0.170833333333
0.17075
0.170666666667
0.170583333333
0.1705
0.170416666667
0.170333333333
0.17025
0.170166666667
0.170083333333
0.17
0.169916666667
0.169833333333
0.16975
0.169666666667
0.169583333333
0.1695
0.169416666667
0.169333333333
0.16925
0.169166666667
0.169083333333
0.169
0.168916666667
0.168833333333
0.16875
0.168666666667
0.168583333333
0.1685
0.168416666667
0.168333333333
0.16825
0.168166666667
0.168083333333
0.168
0.167916666667
0.167833333333
0.16775
0.167666666667
0.167583333333
0.1675
0.167416666667
0.167333333333
0.16725
0.167166666667
0.167083333333
0.167
0.166916666667
0.166833333333
0.16675
0.166666666667
0.166583333333
0.1665
0.166416666667
0.166333333333
0.16625
0.166166666667
0.166083333333
0.166
0.165916666667
0.165833333333
0.16575
0.165666666667
0.165583333333
0.1655
0.165416666667
0.165333333333
0.16525
0.165166666667
0.165083333333
0.165
0.164916666667
0.164833333333
0.16475
0.164666666667
0.164583333333
0.1645
0.164416666667
0.164333333333
0.16425
0.164166666667
0.164083333333
0.164
0.163916666667
0.163833333333
0.16375
0.163666666667
0.163583333333
0.1635
0.163416666667
0.163333333333
0.16325
0.163166666667
0.163083333333
0.163
0.162916666667
0.162833333333
0.16275
0.162666666667
0.162583333333
0.1625
0.162416666667
0.162333333333
0.16225
0.162166666667
0.162083333333
0.162
0.161916666667
0.161833333333
0.16175
0.161666666667
0.161583333333
0.1615
0.161416666667
0.161333333333
0.16125
0.161166666667
0.161083333333
0.161
0.160916666667
0.160833333333
0.16075
0.160666666667
0.160583333333
0.1605
0.160416666667
0.160333333333
0.16025
0.160166666667
0.160083333333
0.16
0.159916666667
0.159833333333
0.15975
0.159666666667
0.159583333333
0.1595
0.159416666667
0.159333333333
0.15925
0.159166666667
0.159083333333
0.159
0.158916666667
0.158833333333
0.15875
0.158666666667
0.158583333333
0.1585
0.158416666667
0.158333333333
0.15825
0.158166666667
0.158083333333
0.158
0.157916666667
0.157833333333
0.15775
0.157666666667
0.157583333333
0.1575
0.157416666667
0.157333333333
0.15725
0.157166666667
0.157083333333
0.157
0.156916666667
0.156833333333
0.15675
0.156666666667
0.156583333333
0.1565
0.156416666667
0.156333333333
0.15625
0.156166666667
0.156083333333
0.156
0.155916666667
0.155833333333
0.15575
0.155666666667
0.155583333333
0.1555
0.155416666667
0.155333333333
0.15525
0.155166666667
0.155083333333
0.155
0.154916666667
0.154833333333
0.15475
0.154666666667
0.154583333333
0.1545
0.154416666667
0.154333333333
0.15425
0.154166666667
0.154083333333
0.154
0.153916666667
0.153833333333
0.15375
0.153666666667
0.153583333333
0.1535
0.153416666667
0.153333333333
0.15325
0.153166666667
0.153083333333
0.153
0.152916666667
0.152833333333
0.15275
0.152666666667
0.152583333333
0.1525
0.152416666667
0.152333333333
0.15225
0.152166666667
0.152083333333
0.152
0.151916666667
0.151833333333
0.15175
0.151666666667
0.151583333333
0.1515
0.151416666667
0.151333333333
0.15125
0.151166666667
0.151083333333
0.151
0.150916666667
0.150833333333
0.15075
0.150666666667
0.150583333333
0.1505
0.150416666667
0.150333333333
0.15025
0.150166666667
0.150083333333
0.15
0.149916666667
0.149833333333
0.14975
0.149666666667
0.149583333333
0.1495
0.149416666667
0.149333333333
0.14925
0.149166666667
0.149083333333
0.149
0.148916666667
0.148833333333
0.14875
0.148666666667
0.148583333333
0.1485
0.148416666667
0.148333333333
0.14825
0.148166666667
0.148083333333
0.148
0.147916666667
0.147833333333
0.14775
0.147666666667
0.147583333333
0.1475
0.147416666667
0.147333333333
0.14725
0.147166666667
0.147083333333
0.147
0.146916666667
0.146833333333
0.14675
0.146666666667
0.146583333333
0.1465
0.146416666667
0.146333333333
0.14625
0.146166666667
0.146083333333
0.146
0.145916666667
0.145833333333
0.14575
0.145666666667
0.145583333333
0.1455
0.145416666667
0.145333333333
0.14525
0.145166666667
0.145083333333
0.145
0.144916666667
0.144833333333
0.14475
0.144666666667
0.144583333333
0.1445
0.144416666667
0.144333333333
0.14425
0.144166666667
0.144083333333
0.144
0.143916666667
0.143833333333
0.14375
0.143666666667
0.143583333333
0.1435
0.143416666667
0.143333333333
0.14325
0.143166666667
0.143083333333
0.143
0.142916666667
0.142833333333
0.14275
0.142666666667
0.142583333333
0.1425
0.142416666667
0.142333333333
0.14225
0.142166666667
0.142083333333
0.142
0.141916666667
0.141833333333
0.14175
0.141666666667
0.141583333333
0.1415
0.141416666667
0.141333333333
0.14125
0.141166666667
0.141083333333
0.141
0.140916666667
0.140833333333
0.14075
0.140666666667
0.140583333333
0.1405
0.140416666667
0.140333333333
0.14025
0.140166666667
0.140083333333
0.14
0.139916666667
0.139833333333
0.13975
0.139666666667
0.139583333333
0.1395
0.139416666667
0.139333333333
0.13925
0.139166666667
0.139083333333
0.139
0.138916666667
0.138833333333
0.13875
0.138666666667
0.138583333333
0.1385
0.138416666667
0.138333333333
0.13825
0.138166666667
0.138083333333
0.138
0.137916666667
0.137833333333
0.13775
0.137666666667
0.137583333333
0.1375
0.137416666667
0.137333333333
0.13725
0.137166666667
0.137083333333
0.137
0.136916666667
0.136833333333
0.13675
0.136666666667
0.136583333333
0.1365
0.136416666667
0.136333333333
0.13625
0.136166666667
0.136083333333
0.136
0.135916666667
0.135833333333
0.13575
0.135666666667
0.135583333333
0.1355
0.135416666667
0.135333333333
0.13525
0.135166666667
0.135083333333
0.135
0.134916666667
0.134833333333
0.13475
0.134666666667
0.134583333333
0.1345
0.134416666667
0.134333333333
0.13425
0.134166666667
0.134083333333
0.134
0.133916666667
0.133833333333
0.13375
0.133666666667
0.133583333333
0.1335
0.133416666667
0.133333333333
0.13325
0.133166666667
0.133083333333
0.133
0.132916666667
0.132833333333
0.13275
0.132666666667
0.132583333333
0.1325
0.132416666667
0.132333333333
0.13225
0.132166666667
0.132083333333
0.132
0.131916666667
0.131833333333
0.13175
0.131666666667
0.131583333333
0.1315
0.131416666667
0.131333333333
0.13125
0.131166666667
0.131083333333
0.131
0.130916666667
0.130833333333
0.13075
0.130666666667
0.130583333333
0.1305
0.130416666667
0.130333333333
0.13025
0.130166666667
0.130083333333
0.13
0.129916666667
0.129833333333
0.12975
0.129666666667
0.129583333333
0.1295
0.129416666667
0.129333333333
0.12925
0.129166666667
0.129083333333
0.129
0.128916666667
0.128833333333
0.12875
0.128666666667
0.128583333333
0.1285
0.128416666667
0.128333333333
0.12825
0.128166666667
0.128083333333
0.128
0.127916666667
0.127833333333
0.12775
0.127666666667
0.127583333333
0.1275
0.127416666667
0.127333333333
0.12725
0.127166666667
0.127083333333
0.127
0.126916666667
0.126833333333
0.12675
0.126666666667
0.126583333333
0.1265
0.126416666667
0.126333333333
0.12625
0.126166666667
0.126083333333
0.126
0.125916666667
0.125833333333
0.12575
0.125666666667
0.125583333333
0.1255
0.125416666667
0.125333333333
0.12525
0.125166666667
0.125083333333
0.125
0.124916666667
0.124833333333
0.12475
0.124666666667
0.124583333333
0.1245
0.124416666667
0.124333333333
0.12425
0.124166666667
0.124083333333
0.124
0.123916666667
0.123833333333
0.12375
0.123666666667
0.123583333333
0.1235
0.123416666667
0.123333333333
0.12325
0.123166666667
0.123083333333
0.123
0.122916666667
0.122833333333
0.12275
0.122666666667
0.122583333333
0.1225
0.122416666667
0.122333333333
0.12225
0.122166666667
0.122083333333
0.122
0.121916666667
0.121833333333
0.12175
0.121666666667
0.121583333333
0.1215
0.121416666667
0.121333333333
0.12125
0.121166666667
0.121083333333
0.121
0.120916666667
0.120833333333
0.12075
0.120666666667
0.120583333333
0.1205
0.120416666667
0.120333333333
0.12025
0.120166666667
0.120083333333
0.12
0.119916666667
0.119833333333
0.11975
0.119666666667
0.119583333333
0.1195
0.119416666667
0.119333333333
0.11925
0.119166666667
0.119083333333
0.119
0.118916666667
0.118833333333
0.11875
0.118666666667
0.118583333333
0.1185
0.118416666667
0.118333333333
0.11825
0.118166666667
0.118083333333
0.118
0.117916666667
0.117833333333
0.11775
0.117666666667
0.117583333333
0.1175
0.117416666667
0.117333333333
0.11725
0.117166666667
0.117083333333
0.117
0.116916666667
0.116833333333
0.11675
0.116666666667
0.116583333333
0.1165
0.116416666667
0.116333333333
0.11625
0.116166666667
0.116083333333
0.116
0.115916666667
0.115833333333
0.11575
0.115666666667
0.115583333333
0.1155
0.115416666667
0.115333333333
0.11525
0.115166666667
0.115083333333
0.115
0.114916666667
0.114833333333
0.11475
0.114666666667
0.114583333333
0.1145
0.114416666667
0.114333333333
0.11425
0.114166666667
0.114083333333
0.114
0.113916666667
0.113833333333
0.11375
0.113666666667
0.113583333333
0.1135
0.113416666667
0.113333333333
0.11325
0.113166666667
0.113083333333
0.113
0.112916666667
0.112833333333
0.11275
0.112666666667
0.112583333333
0.1125
0.112416666667
0.112333333333
0.11225
0.112166666667
0.112083333333
0.112
0.111916666667
0.111833333333
0.11175
0.111666666667
0.111583333333
0.1115
0.111416666667
0.111333333333
0.11125
0.111166666667
0.111083333333
0.111
0.110916666667
0.110833333333
0.11075
0.110666666667
0.110583333333
0.1105
0.110416666667
0.110333333333
0.11025
0.110166666667
0.110083333333
0.11
0.109916666667
0.109833333333
0.10975
0.109666666667
0.109583333333
0.1095
0.109416666667
0.109333333333
0.10925
0.109166666667
0.109083333333
0.109
0.108916666667
0.108833333333
0.10875
0.108666666667
0.108583333333
0.1085
0.108416666667
0.108333333333
0.10825
0.108166666667
0.108083333333
0.108
0.107916666667
0.107833333333
0.10775
0.107666666667
0.107583333333
0.1075
0.107416666667
0.107333333333
0.10725
0.107166666667
0.107083333333
0.107
0.106916666667
0.106833333333
0.10675
0.106666666667
0.106583333333
0.1065
0.106416666667
0.106333333333
0.10625
0.106166666667
0.106083333333
0.106
0.105916666667
0.105833333333
0.10575
0.105666666667
0.105583333333
0.1055
0.105416666667
0.105333333333
0.10525
0.105166666667
0.105083333333
0.105
0.104916666667
0.104833333333
0.10475
0.104666666667
0.104583333333
0.1045
0.104416666667
0.104333333333
0.10425
0.104166666667
0.104083333333
0.104
0.103916666667
0.103833333333
0.10375
0.103666666667
0.103583333333
0.1035
0.103416666667
0.103333333333
0.10325
0.103166666667
0.103083333333
0.103
0.102916666667
0.102833333333
0.10275
0.102666666667
0.102583333333
0.1025
0.102416666667
0.102333333333
0.10225
0.102166666667
0.102083333333
0.102
0.101916666667
0.101833333333
0.10175
0.101666666667
0.101583333333
0.1015
0.101416666667
0.101333333333
0.10125
0.101166666667
0.101083333333
0.101
0.100916666667
0.100833333333
0.10075
0.100666666667
0.100583333333
0.1005
0.100416666667
0.100333333333
0.10025
0.100166666667
0.100083333333
0.0
0.09975
0.0995
0.09925
0.099
0.09875
0.0985
0.09825
0.098
0.09775
0.0975
0.09725
0.097
0.09675
0.0965
0.09625
0.096
0.09575
0.0955
0.09525
0.095
0.09475
0.0945
0.09425
0.094
0.09375
0.0935
0.09325
0.093
0.09275
0.0925
0.09225
0.092
0.09175
0.0915
0.09125
0.091
0.09075
0.0905
0.09025
0.09
0.08975
0.0895
0.08925
0.089
0.08875
0.0885
0.08825
0.088
0.08775
0.0875
0.08725
0.087
0.08675
0.0865
0.08625
0.086
0.08575
0.0855
0.08525
0.085
0.08475
0.0845
0.08425
0.084
0.08375
0.0835
0.08325
0.083
0.08275
0.0825
0.08225
0.082
0.08175
0.0815
0.08125
0.081
0.08075
0.0805
0.08025
0.08
0.07975
0.0795
0.07925
0.079
0.07875
0.0785
0.07825
0.078
0.07775
0.0775
0.07725
0.077
0.07675
0.0765
0.07625
0.076
0.07575
0.0755
0.07525
0.075
0.07475
0.0745
0.07425
0.074
0.07375
0.0735
0.07325
0.073
0.07275
0.0725
0.07225
0.072
0.07175
0.0715
0.07125
0.071
0.07075
0.0705
0.07025
0.07
0.06975
0.0695
0.06925
0.069
0.06875
0.0685
0.06825
0.068
0.06775
0.0675
0.06725
0.067
0.06675
0.0665
0.06625
0.066
0.06575
0.0655
0.06525
0.065
0.06475
0.0645
0.06425
0.064
0.06375
0.0635
0.06325
0.063
0.06275
0.0625
0.06225
0.062
0.06175
0.0615
0.06125
0.061
0.06075
0.0605
0.06025
0.06
0.05975
0.0595
0.05925
0.059
0.05875
0.0585
0.05825
0.058
0.05775
0.0575
0.05725
0.057
0.05675
0.0565
0.05625
0.056
0.05575
0.0555
0.05525
0.055
0.05475
0.0545
0.05425
0.054
0.05375
0.0535
0.05325
0.053
0.05275
0.0525
0.05225
0.052
0.05175
0.0515
0.05125
0.051
0.05075
0.0505
0.05025
0.05
0.04975
0.0495
0.04925
0.049
0.04875
0.0485
0.04825
0.048
0.04775
0.0475
0.04725
0.047
0.04675
0.0465
0.04625
0.046
0.04575
0.0455
0.04525
0.045
0.04475
0.0445
0.04425
0.044
0.04375
0.0435
0.04325
0.043
0.04275
0.0425
0.04225
0.042
0.04175
0.0415
0.04125
0.041
0.04075
0.0405
0.04025
0.04
0.03975
0.0395
0.03925
0.039
0.03875
0.0385
0.03825
0.038
0.03775
0.0375
0.03725
0.037
0.03675
0.0365
0.03625
0.036
0.03575
0.0355
0.03525
0.035
0.03475
0.0345
0.03425
0.034
0.03375
0.0335
0.03325
0.033
0.03275
0.0325
0.03225
0.032
0.03175
0.0315
0.03125
0.031
0.03075
0.0305
0.03025
0.03
0.02975
0.0295
0.02925
0.029
0.02875
0.0285
0.02825
0.028
0.02775
0.0275
0.02725
0.027
0.02675
0.0265
0.02625
0.026
0.02575
0.0255
0.02525
0.025
0.02475
0.0245
0.02425
0.024
0.02375
0.0235
0.02325
0.023
0.02275
0.0225
0.02225
0.022
0.02175
0.0215
0.02125
0.021
0.02075
0.0205
0.02025
0.02
0.01975
0.0195
0.01925
0.019
0.01875
0.0185
0.01825
0.018
0.01775
0.0175
0.01725
0.017
0.01675
0.0165
0.01625
0.016
0.01575
0.0155
0.01525
0.015
0.01475
0.0145
0.01425
0.014
0.01375
0.0135
0.01325
0.013
0.01275
0.0125
0.01225
0.012
0.01175
0.0115
0.01125
0.011
0.01075
0.0105
0.01025
0.01
0.00975
0.0095
0.00925
0.009
0.00875
0.0085
0.00825
0.008
0.00775
0.0075
0.00725
0.007
0.00675
0.0065
0.00625
0.006
0.00575
0.0055
0.00525
0.005
0.00475
0.0045
0.00425
0.004
0.00375
0.0035
0.00325
0.003
0.00275
0.0025
0.00225
0.002
0.00175
0.0015
0.00125
0.001
0.00075
0.0005
0.00025
