0.0
0.00075
0.0015
0.00225
0.003
0.00375
0.0045
0.00525
0.006
0.00675
0.0075
0.00825
0.009
0.00975
0.0105
0.01125
0.012
0.01275
0.0135
0.01425
0.015
0.01575
0.0165
0.01725
0.018
0.01875
0.0195
0.02025
0.021
0.02175
0.0225
0.02325
0.024
0.02475
0.0255
0.02625
0.027
0.02775
0.0285
0.02925
0.03
0.03075
0.0315
0.03225
0.033
0.03375
0.0345
0.03525
0.036
0.03675
0.0375
0.03825
0.039
0.03975
0.0405
0.04125
0.042
0.04275
0.0435
0.04425
0.045
0.04575
0.0465
0.04725
0.048
0.04875
0.0495
0.05025
0.051
0.05175
0.0525
0.05325
0.054
0.05475
0.0555
0.05625
0.057
0.05775
0.0585
0.05925
0.06
0.06075
0.0615
0.06225
0.063
0.06375
0.0645
0.06525
0.066
0.06675
0.0675
0.06825
0.069
0.06975
0.0705
0.07125
0.072
0.07275
0.0735
0.07425
0.075
0.07575
0.0765
0.07725
0.078
0.07875
0.0795
0.08025
0.081
0.08175
0.0825
0.08325
0.084
0.08475
0.0855
0.08625
0.087
0.08775
0.0885
0.08925
0.09
0.09075
0.0915
0.09225
0.093
0.09375
0.0945
0.09525
0.096
0.09675
0.0975
0.09825
0.099
0.09975
0.1005
0.10125
0.102
0.10275
0.1035
0.10425
0.105
0.10575
0.1065
0.10725
0.108
0.10875
0.1095
0.11025
0.111
0.11175
0.1125
0.11325
0.114
0.11475
0.1155
0.11625
0.117
0.11775
0.1185
0.11925
0.12
0.12075
0.1215
0.12225
0.123
0.12375
0.1245
0.12525
0.126
0.12675
0.1275
0.12825
0.129
0.12975
0.1305
0.13125
0.132
0.13275
0.1335
0.13425
0.135
0.13575
0.1365
0.13725
0.138
0.13875
0.1395
0.14025
0.141
0.14175
0.1425
0.14325
0.144
0.14475
0.1455
0.14625
0.147
0.14775
0.1485
0.14925
0.15
0.15075
0.1515
0.15225
0.153
0.15375
0.1545
0.15525
0.156
0.15675
0.1575
0.15825
0.159
0.15975
0.1605
0.16125
0.162
0.16275
0.1635
0.16425
0.165
0.16575
0.1665
0.16725
0.168
0.16875
0.1695
0.17025
0.171
0.17175
0.1725
0.17325
0.174
0.17475
0.1755
0.17625
0.177
0.17775
0.1785
0.17925
0.18
0.18075
0.1815
0.18225
0.183
0.18375
0.1845
0.18525
0.186
0.18675
0.1875
0.18825
0.189
0.18975
0.1905
0.19125
0.192
0.19275
0.1935
0.19425
0.195
0.19575
0.1965
0.19725
0.198
0.19875
0.1995
0.20025
0.201
0.20175
0.2025
0.20325
0.204
0.20475
0.2055
0.20625
0.207
0.20775
0.2085
0.20925
0.21
0.21075
0.2115
0.21225
0.213
0.21375
0.2145
0.21525
0.216
0.21675
0.2175
0.21825
0.219
0.21975
0.2205
0.22125
0.222
0.22275
0.2235
0.22425
0.225
0.22575
0.2265
0.22725
0.228
0.22875
0.2295
0.23025
0.231
0.23175
0.2325
0.23325
0.234
0.23475
0.2355
0.23625
0.237
0.23775
0.2385
0.23925
0.24
0.24075
0.2415
0.24225
0.243
0.24375
0.2445
0.24525
0.246
0.24675
0.2475
0.24825
0.249
0.24975
0.2505
0.25125
0.252
0.25275
0.2535
0.25425
0.255
0.25575
0.2565
0.25725
0.258
0.25875
0.2595
0.26025
0.261
0.26175
0.2625
0.26325
0.264
0.26475
0.2655
0.26625
0.267
0.26775
0.2685
0.26925
0.27
0.27075
0.2715
0.27225
0.273
0.27375
0.2745
0.27525
0.276
0.27675
0.2775
0.27825
0.279
0.27975
0.2805
0.28125
0.282
0.28275
0.2835
0.28425
0.285
0.28575
0.2865
0.28725
0.288
0.28875
0.2895
0.29025
0.291
0.29175
0.2925
0.29325
0.294
0.29475
0.2955
0.29625
0.297
0.29775
0.2985
0.29925
0.3
0.30075
0.3015
0.30225
0.303
0.30375
0.3045
0.30525
0.306
0.30675
0.3075
0.30825
0.309
0.30975
0.3105
0.31125
0.312
0.31275
0.3135
0.31425
0.315
0.31575
0.3165
0.31725
0.318
0.31875
0.3195
0.32025
0.321
0.32175
0.3225
0.32325
0.324
0.32475
0.3255
0.32625
0.327
0.32775
0.3285
0.32925
0.33
0.33075
0.3315
0.33225
0.333
0.33375
0.3345
0.33525
0.336
0.33675
0.3375
0.33825
0.339
0.33975
0.3405
0.34125
0.342
0.34275
0.3435
0.34425
0.345
0.34575
0.3465
0.34725
0.348
0.34875
0.3495
0.35025
0.351
0.35175
0.3525
0.35325
0.354
0.35475
0.3555
0.35625
0.357
0.35775
0.3585
0.35925
0.36
0.36075
0.3615
0.36225
0.363
0.36375
0.3645
0.36525
0.366
0.36675
0.3675
0.36825
0.369
0.36975
0.3705
0.37125
0.372
0.37275
0.3735
0.37425
0.375
0.37575
0.3765
0.37725
0.378
0.37875
0.3795
0.38025
0.381
0.38175
0.3825
0.38325
0.384
0.38475
0.3855
0.38625
0.387
0.38775
0.3885
0.38925
0.39
0.39075
0.3915
0.39225
0.393
0.39375
0.3945
0.39525
0.396
0.39675
0.3975
0.39825
0.399
0.39975
0.4005
0.40125
0.402
0.40275
0.4035
0.40425
0.405
0.40575
0.4065
0.40725
0.408
0.40875
0.4095
0.41025
0.411
0.41175
0.4125
0.41325
0.414
0.41475
0.4155
0.41625
0.417
0.41775
0.4185
0.41925
0.42
0.42075
0.4215
0.42225
0.423
0.42375
0.4245
0.42525
0.426
0.42675
0.4275
0.42825
0.429
0.42975
0.4305
0.43125
0.432
0.43275
0.4335
0.43425
0.435
0.43575
0.4365
0.43725
0.438
0.43875
0.4395
0.44025
0.441
0.44175
0.4425
0.44325
0.444
0.44475
0.4455
0.44625
0.447
0.44775
0.4485
0.44925
0.45
0.45075
0.4515
0.45225
0.453
0.45375
0.4545
0.45525
0.456
0.45675
0.4575
0.45825
0.459
0.45975
0.4605
0.46125
0.462
0.46275
0.4635
0.46425
0.465
0.46575
0.4665
0.46725
0.468
0.46875
0.4695
0.47025
0.471
0.47175
0.4725
0.47325
0.474
0.47475
0.4755
0.47625
0.477
0.47775
0.4785
0.47925
0.48
0.48075
0.4815
0.48225
0.483
0.48375
0.4845
0.48525
0.486
0.48675
0.4875
0.48825
0.489
0.48975
0.4905
0.49125
0.492
0.49275
0.4935
0.49425
0.495
0.49575
0.4965
0.49725
0.498
0.49875
0.4995
0.50025
0.501
0.50175
0.5025
0.50325
0.504
0.50475
0.5055
0.50625
0.507
0.50775
0.5085
0.50925
0.51
0.51075
0.5115
0.51225
0.513
0.51375
0.5145
0.51525
0.516
0.51675
0.5175
0.51825
0.519
0.51975
0.5205
0.52125
0.522
0.52275
0.5235
0.52425
0.525
0.52575
0.5265
0.52725
0.528
0.52875
0.5295
0.53025
0.531
0.53175
0.5325
0.53325
0.534
0.53475
0.5355
0.53625
0.537
0.53775
0.5385
0.53925
0.54
0.54075
0.5415
0.54225
0.543
0.54375
0.5445
0.54525
0.546
0.54675
0.5475
0.54825
0.549
0.54975
0.5505
0.55125
0.552
0.55275
0.5535
0.55425
0.555
0.55575
0.5565
0.55725
0.558
0.55875
0.5595
0.56025
0.561
0.56175
0.5625
0.56325
0.564
0.56475
0.5655
0.56625
0.567
0.56775
0.5685
0.56925
0.57
0.57075
0.5715
0.57225
0.573
0.57375
0.5745
0.57525
0.576
0.57675
0.5775
0.57825
0.579
0.57975
0.5805
0.58125
0.582
0.58275
0.5835
0.58425
0.585
0.58575
0.5865
0.58725
0.588
0.58875
0.5895
0.59025
0.591
0.59175
0.5925
0.59325
0.594
0.59475
0.5955
0.59625
0.597
0.59775
0.5985
0.59925
0.0
0.6005
0.601
0.6015
0.602
0.6025
0.603
0.6035
0.604
0.6045
0.605
0.6055
0.606
0.6065
0.607
0.6075
0.608
0.6085
0.609
0.6095
0.61
0.6105
0.611
0.6115
0.612
0.6125
0.613
0.6135
0.614
0.6145
0.615
0.6155
0.616
0.6165
0.617
0.6175
0.618
0.6185
0.619
0.6195
0.62
0.6205
0.621
0.6215
0.622
0.6225
0.623
0.6235
0.624
0.6245
0.625
0.6255
0.626
0.6265
0.627
0.6275
0.628
0.6285
0.629
0.6295
0.63
0.6305
0.631
0.6315
0.632
0.6325
0.633
0.6335
0.634
0.6345
0.635
0.6355
0.636
0.6365
0.637
0.6375
0.638
0.6385
0.639
0.6395
0.64
0.6405
0.641
0.6415
0.642
0.6425
0.643
0.6435
0.644
0.6445
0.645
0.6455
0.646
0.6465
0.647
0.6475
0.648
0.6485
0.649
0.6495
0.65
0.6505
0.651
0.6515
0.652
0.6525
0.653
0.6535
0.654
0.6545
0.655
0.6555
0.656
0.6565
0.657
0.6575
0.658
0.6585
0.659
0.6595
0.66
0.6605
0.661
0.6615
0.662
0.6625
0.663
0.6635
0.664
0.6645
0.665
0.6655
0.666
0.6665
0.667
0.6675
0.668
0.6685
0.669
0.6695
0.67
0.6705
0.671
0.6715
0.672
0.6725
0.673
0.6735
0.674
0.6745
0.675
0.6755
0.676
0.6765
0.677
0.6775
0.678
0.6785
0.679
0.6795
0.68
0.6805
0.681
0.6815
0.682
0.6825
0.683
0.6835
0.684
0.6845
0.685
0.6855
0.686
0.6865
0.687
0.6875
0.688
0.6885
0.689
0.6895
0.69
0.6905
0.691
0.6915
0.692
0.6925
0.693
0.6935
0.694
0.6945
0.695
0.6955
0.696
0.6965
0.697
0.6975
0.698
0.6985
0.699
0.6995
0.7
0.7005
0.701
0.7015
0.702
0.7025
0.703
0.7035
0.704
0.7045
0.705
0.7055
0.706
0.7065
0.707
0.7075
0.708
0.7085
0.709
0.7095
0.71
0.7105
0.711
0.7115
0.712
0.7125
0.713
0.7135
0.714
0.7145
0.715
0.7155
0.716
0.7165
0.717
0.7175
0.718
0.7185
0.719
0.7195
0.72
0.7205
0.721
0.7215
0.722
0.7225
0.723
0.7235
0.724
0.7245
0.725
0.7255
0.726
0.7265
0.727
0.7275
0.728
0.7285
0.729
0.7295
0.73
0.7305
0.731
0.7315
0.732
0.7325
0.733
0.7335
0.734
0.7345
0.735
0.7355
0.736
0.7365
0.737
0.7375
0.738
0.7385
0.739
0.7395
0.74
0.7405
0.741
0.7415
0.742
0.7425
0.743
0.7435
0.744
0.7445
0.745
0.7455
0.746
0.7465
0.747
0.7475
0.748
0.7485
0.749
0.7495
0.75
0.7505
0.751
0.7515
0.752
0.7525
0.753
0.7535
0.754
0.7545
0.755
0.7555
0.756
0.7565
0.757
0.7575
0.758
0.7585
0.759
0.7595
0.76
0.7605
0.761
0.7615
0.762
0.7625
0.763
0.7635
0.764
0.7645
0.765
0.7655
0.766
0.7665
0.767
0.7675
0.768
0.7685
0.769
0.7695
0.77
0.7705
0.771
0.7715
0.772
0.7725
0.773
0.7735
0.774
0.7745
0.775
0.7755
0.776
0.7765
0.777
0.7775
0.778
0.7785
0.779
0.7795
0.78
0.7805
0.781
0.7815
0.782
0.7825
0.783
0.7835
0.784
0.7845
0.785
0.7855
0.786
0.7865
0.787
0.7875
0.788
0.7885
0.789
0.7895
0.79
0.7905
0.791
0.7915
0.792
0.7925
0.793
0.7935
0.794
0.7945
0.795
0.7955
0.796
0.7965
0.797
0.7975
0.798
0.7985
0.799
0.7995
0.8
0.8005
0.801
0.8015
0.802
0.8025
0.803
0.8035
0.804
0.8045
0.805
0.8055
0.806
0.8065
0.807
0.8075
0.808
0.8085
0.809
0.8095
0.81
0.8105
0.811
0.8115
0.812
0.8125
0.813
0.8135
0.814
0.8145
0.815
0.8155
0.816
0.8165
0.817
0.8175
0.818
0.8185
0.819
0.8195
0.82
0.8205
0.821
0.8215
0.822
0.8225
0.823
0.8235
0.824
0.8245
0.825
0.8255
0.826
0.8265
0.827
0.8275
0.828
0.8285
0.829
0.8295
0.83
0.8305
0.831
0.8315
0.832
0.8325
0.833
0.8335
0.834
0.8345
0.835
0.8355
0.836
0.8365
0.837
0.8375
0.838
0.8385
0.839
0.8395
0.84
0.8405
0.841
0.8415
0.842
0.8425
0.843
0.8435
0.844
0.8445
0.845
0.8455
0.846
0.8465
0.847
0.8475
0.848
0.8485
0.849
0.8495
0.85
0.8505
0.851
0.8515
0.852
0.8525
0.853
0.8535
0.854
0.8545
0.855
0.8555
0.856
0.8565
0.857
0.8575
0.858
0.8585
0.859
0.8595
0.86
0.8605
0.861
0.8615
0.862
0.8625
0.863
0.8635
0.864
0.8645
0.865
0.8655
0.866
0.8665
0.867
0.8675
0.868
0.8685
0.869
0.8695
0.87
0.8705
0.871
0.8715
0.872
0.8725
0.873
0.8735
0.874
0.8745
0.875
0.8755
0.876
0.8765
0.877
0.8775
0.878
0.8785
0.879
0.8795
0.88
0.8805
0.881
0.8815
0.882
0.8825
0.883
0.8835
0.884
0.8845
0.885
0.8855
0.886
0.8865
0.887
0.8875
0.888
0.8885
0.889
0.8895
0.89
0.8905
0.891
0.8915
0.892
0.8925
0.893
0.8935
0.894
0.8945
0.895
0.8955
0.896
0.8965
0.897
0.8975
0.898
0.8985
0.899
0.8995
0.9
0.9005
0.901
0.9015
0.902
0.9025
0.903
0.9035
0.904
0.9045
0.905
0.9055
0.906
0.9065
0.907
0.9075
0.908
0.9085
0.909
0.9095
0.91
0.9105
0.911
0.9115
0.912
0.9125
0.913
0.9135
0.914
0.9145
0.915
0.9155
0.916
0.9165
0.917
0.9175
0.918
0.9185
0.919
0.9195
0.92
0.9205
0.921
0.9215
0.922
0.9225
0.923
0.9235
0.924
0.9245
0.925
0.9255
0.926
0.9265
0.927
0.9275
0.928
0.9285
0.929
0.9295
0.93
0.9305
0.931
0.9315
0.932
0.9325
0.933
0.9335
0.934
0.9345
0.935
0.9355
0.936
0.9365
0.937
0.9375
0.938
0.9385
0.939
0.9395
0.94
0.9405
0.941
0.9415
0.942
0.9425
0.943
0.9435
0.944
0.9445
0.945
0.9455
0.946
0.9465
0.947
0.9475
0.948
0.9485
0.949
0.9495
0.95
0.9505
0.951
0.9515
0.952
0.9525
0.953
0.9535
0.954
0.9545
0.955
0.9555
0.956
0.9565
0.957
0.9575
0.958
0.9585
0.959
0.9595
0.96
0.9605
0.961
0.9615
0.962
0.9625
0.963
0.9635
0.964
0.9645
0.965
0.9655
0.966
0.9665
0.967
0.9675
0.968
0.9685
0.969
0.9695
0.97
0.9705
0.971
0.9715
0.972
0.9725
0.973
0.9735
0.974
0.9745
0.975
0.9755
0.976
0.9765
0.977
0.9775
0.978
0.9785
0.979
0.9795
0.98
0.9805
0.981
0.9815
0.982
0.9825
0.983
0.9835
0.984
0.9845
0.985
0.9855
0.986
0.9865
0.987
0.9875
0.988
0.9885
0.989
0.9895
0.99
0.9905
0.991
0.9915
0.992
0.9925
0.993
0.9935
0.994
0.9945
0.995
0.9955
0.996
0.9965
0.997
0.9975
0.998
0.9985
0.999
0.9995
0.0
0.999625
0.99925
0.998875
0.9985
0.998125
0.99775
0.997375
0.997
0.996625
0.99625
0.995875
0.9955
0.995125
0.99475
0.994375
0.994
0.993625
0.99325
0.992875
0.9925
0.992125
0.99175
0.991375
0.991
0.990625
0.99025
0.989875
0.9895
0.989125
0.98875
0.988375
0.988
0.987625
0.98725
0.986875
0.9865
0.986125
0.98575
0.985375
0.985
0.984625
0.98425
0.983875
0.9835
0.983125
0.98275
0.982375
0.982
0.981625
0.98125
0.980875
0.9805
0.980125
0.97975
0.979375
0.979
0.978625
0.97825
0.977875
0.9775
0.977125
0.97675
0.976375
0.976
0.975625
0.97525
0.974875
0.9745
0.974125
0.97375
0.973375
0.973
0.972625
0.97225
0.971875
0.9715
0.971125
0.97075
0.970375
0.97
0.969625
0.96925
0.968875
0.9685
0.968125
0.96775
0.967375
0.967
0.966625
0.96625
0.965875
0.9655
0.965125
0.96475
0.964375
0.964
0.963625
0.96325
0.962875
0.9625
0.962125
0.96175
0.961375
0.961
0.960625
0.96025
0.959875
0.9595
0.959125
0.95875
0.958375
0.958
0.957625
0.95725
0.956875
0.9565
0.956125
0.95575
0.955375
0.955
0.954625
0.95425
0.953875
0.9535
0.953125
0.95275
0.952375
0.952
0.951625
0.95125
0.950875
0.9505
0.950125
0.94975
0.949375
0.949
0.948625
0.94825
0.947875
0.9475
0.947125
0.94675
0.946375
0.946
0.945625
0.94525
0.944875
0.9445
0.944125
0.94375
0.943375
0.943
0.942625
0.94225
0.941875
0.9415
0.941125
0.94075
0.940375
0.94
0.939625
0.93925
0.938875
0.9385
0.938125
0.93775
0.937375
0.937
0.936625
0.93625
0.935875
0.9355
0.935125
0.93475
0.934375
0.934
0.933625
0.93325
0.932875
0.9325
0.932125
0.93175
0.931375
0.931
0.930625
0.93025
0.929875
0.9295
0.929125
0.92875
0.928375
0.928
0.927625
0.92725
0.926875
0.9265
0.926125
0.92575
0.925375
0.925
0.924625
0.92425
0.923875
0.9235
0.923125
0.92275
0.922375
0.922
0.921625
0.92125
0.920875
0.9205
0.920125
0.91975
0.919375
0.919
0.918625
0.91825
0.917875
0.9175
0.917125
0.91675
0.916375
0.916
0.915625
0.91525
0.914875
0.9145
0.914125
0.91375
0.913375
0.913
0.912625
0.91225
0.911875
0.9115
0.911125
0.91075
0.910375
0.91
0.909625
0.90925
0.908875
0.9085
0.908125
0.90775
0.907375
0.907
0.906625
0.90625
0.905875
0.9055
0.905125
0.90475
0.904375
0.904
0.903625
0.90325
0.902875
0.9025
0.902125
0.90175
0.901375
0.901
0.900625
0.90025
0.899875
0.8995
0.899125
0.89875
0.898375
0.898
0.897625
0.89725
0.896875
0.8965
0.896125
0.89575
0.895375
0.895
0.894625
0.89425
0.893875
0.8935
0.893125
0.89275
0.892375
0.892
0.891625
0.89125
0.890875
0.8905
0.890125
0.88975
0.889375
0.889
0.888625
0.88825
0.887875
0.8875
0.887125
0.88675
0.886375
0.886
0.885625
0.88525
0.884875
0.8845
0.884125
0.88375
0.883375
0.883
0.882625
0.88225
0.881875
0.8815
0.881125
0.88075
0.880375
0.88
0.879625
0.87925
0.878875
0.8785
0.878125
0.87775
0.877375
0.877
0.876625
0.87625
0.875875
0.8755
0.875125
0.87475
0.874375
0.874
0.873625
0.87325
0.872875
0.8725
0.872125
0.87175
0.871375
0.871
0.870625
0.87025
0.869875
0.8695
0.869125
0.86875
0.868375
0.868
0.867625
0.86725
0.866875
0.8665
0.866125
0.86575
0.865375
0.865
0.864625
0.86425
0.863875
0.8635
0.863125
0.86275
0.862375
0.862
0.861625
0.86125
0.860875
0.8605
0.860125
0.85975
0.859375
0.859
0.858625
0.85825
0.857875
0.8575
0.857125
0.85675
0.856375
0.856
0.855625
0.85525
0.854875
0.8545
0.854125
0.85375
0.853375
0.853
0.852625
0.85225
0.851875
0.8515
0.851125
0.85075
0.850375
0.85
0.849625
0.84925
0.848875
0.8485
0.848125
0.84775
0.847375
0.847
0.846625
0.84625
0.845875
0.8455
0.845125
0.84475
0.844375
0.844
0.843625
0.84325
0.842875
0.8425
0.842125
0.84175
0.841375
0.841
0.840625
0.84025
0.839875
0.8395
0.839125
0.83875
0.838375
0.838
0.837625
0.83725
0.836875
0.8365
0.836125
0.83575
0.835375
0.835
0.834625
0.83425
0.833875
0.8335
0.833125
0.83275
0.832375
0.832
0.831625
0.83125
0.830875
0.8305
0.830125
0.82975
0.829375
0.829
0.828625
0.82825
0.827875
0.8275
0.827125
0.82675
0.826375
0.826
0.825625
0.82525
0.824875
0.8245
0.824125
0.82375
0.823375
0.823
0.822625
0.82225
0.821875
0.8215
0.821125
0.82075
0.820375
0.82
0.819625
0.81925
0.818875
0.8185
0.818125
0.81775
0.817375
0.817
0.816625
0.81625
0.815875
0.8155
0.815125
0.81475
0.814375
0.814
0.813625
0.81325
0.812875
0.8125
0.812125
0.81175
0.811375
0.811
0.810625
0.81025
0.809875
0.8095
0.809125
0.80875
0.808375
0.808
0.807625
0.80725
0.806875
0.8065
0.806125
0.80575
0.805375
0.805
0.804625
0.80425
0.803875
0.8035
0.803125
0.80275
0.802375
0.802
0.801625
0.80125
0.800875
0.8005
0.800125
0.79975
0.799375
0.799
0.798625
0.79825
0.797875
0.7975
0.797125
0.79675
0.796375
0.796
0.795625
0.79525
0.794875
0.7945
0.794125
0.79375
0.793375
0.793
0.792625
0.79225
0.791875
0.7915
0.791125
0.79075
0.790375
0.79
0.789625
0.78925
0.788875
0.7885
0.788125
0.78775
0.787375
0.787
0.786625
0.78625
0.785875
0.7855
0.785125
0.78475
0.784375
0.784
0.783625
0.78325
0.782875
0.7825
0.782125
0.78175
0.781375
0.781
0.780625
0.78025
0.779875
0.7795
0.779125
0.77875
0.778375
0.778
0.777625
0.77725
0.776875
0.7765
0.776125
0.77575
0.775375
0.775
0.774625
0.77425
0.773875
0.7735
0.773125
0.77275
0.772375
0.772
0.771625
0.77125
0.770875
0.7705
0.770125
0.76975
0.769375
0.769
0.768625
0.76825
0.767875
0.7675
0.767125
0.76675
0.766375
0.766
0.765625
0.76525
0.764875
0.7645
0.764125
0.76375
0.763375
0.763
0.762625
0.76225
0.761875
0.7615
0.761125
0.76075
0.760375
0.76
0.759625
0.75925
0.758875
0.7585
0.758125
0.75775
0.757375
0.757
0.756625
0.75625
0.755875
0.7555
0.755125
0.75475
0.754375
0.754
0.753625
0.75325
0.752875
0.7525
0.752125
0.75175
0.751375
0.751
0.750625
0.75025
0.749875
0.7495
0.749125
0.74875
0.748375
0.748
0.747625
0.74725
0.746875
0.7465
0.746125
0.74575
0.745375
0.745
0.744625
0.74425
0.743875
0.7435
0.743125
0.74275
0.742375
0.742
0.741625
0.74125
0.740875
0.7405
0.740125
0.73975
0.739375
0.739
0.738625
0.73825
0.737875
0.7375
0.737125
0.73675
0.736375
0.736
0.735625
0.73525
0.734875
0.7345
0.734125
0.73375
0.733375
0.733
0.732625
0.73225
0.731875
0.7315
0.731125
0.73075
0.730375
0.73
0.729625
0.72925
0.728875
0.7285
0.728125
0.72775
0.727375
0.727
0.726625
0.72625
0.725875
0.7255
0.725125
0.72475
0.724375
0.724
0.723625
0.72325
0.722875
0.7225
0.722125
0.72175
0.721375
0.721
0.720625
0.72025
0.719875
0.7195
0.719125
0.71875
0.718375
0.718
0.717625
0.71725
0.716875
0.7165
0.716125
0.71575
0.715375
0.715
0.714625
0.71425
0.713875
0.7135
0.713125
0.71275
0.712375
0.712
0.711625
0.71125
0.710875
0.7105
0.710125
0.70975
0.709375
0.709
0.708625
0.70825
0.707875
0.7075
0.707125
0.70675
0.706375
0.706
0.705625
0.70525
0.704875
0.7045
0.704125
0.70375
0.703375
0.703
0.702625
0.70225
0.701875
0.7015
0.701125
0.70075
0.700375
0.7
0.699625
0.69925
0.698875
0.6985
0.698125
0.69775
0.697375
0.697
0.696625
0.69625
0.695875
0.6955
0.695125
0.69475
0.694375
0.694
0.693625
0.69325
0.692875
0.6925
0.692125
0.69175
0.691375
0.691
0.690625
0.69025
0.689875
0.6895
0.689125
0.68875
0.688375
0.688
0.687625
0.68725
0.686875
0.6865
0.686125
0.68575
0.685375
0.685
0.684625
0.68425
0.683875
0.6835
0.683125
0.68275
0.682375
0.682
0.681625
0.68125
0.680875
0.6805
0.680125
0.67975
0.679375
0.679
0.678625
0.67825
0.677875
0.6775
0.677125
0.67675
0.676375
0.676
0.675625
0.67525
0.674875
0.6745
0.674125
0.67375
0.673375
0.673
0.672625
0.67225
0.671875
0.6715
0.671125
0.67075
0.670375
0.67
0.669625
0.66925
0.668875
0.6685
0.668125
0.66775
0.667375
0.667
0.666625
0.66625
0.665875
0.6655
0.665125
0.66475
0.664375
0.664
0.663625
0.66325
0.662875
0.6625
0.662125
0.66175
0.661375
0.661
0.660625
0.66025
0.659875
0.6595
0.659125
0.65875
0.658375
0.658
0.657625
0.65725
0.656875
0.6565
0.656125
0.65575
0.655375
0.655
0.654625
0.65425
0.653875
0.6535
0.653125
0.65275
0.652375
0.652
0.651625
0.65125
0.650875
0.6505
0.650125
0.64975
0.649375
0.649
0.648625
0.64825
0.647875
0.6475
0.647125
0.64675
0.646375
0.646
0.645625
0.64525
0.644875
0.6445
0.644125
0.64375
0.643375
0.643
0.642625
0.64225
0.641875
0.6415
0.641125
0.64075
0.640375
0.64
0.639625
0.63925
0.638875
0.6385
0.638125
0.63775
0.637375
0.637
0.636625
0.63625
0.635875
0.6355
0.635125
0.63475
0.634375
0.634
0.633625
0.63325
0.632875
0.6325
0.632125
0.63175
0.631375
0.631
0.630625
0.63025
0.629875
0.6295
0.629125
0.62875
0.628375
0.628
0.627625
0.62725
0.626875
0.6265
0.626125
0.62575
0.625375
0.625
0.624625
0.62425
0.623875
0.6235
0.623125
0.62275
0.622375
0.622
0.621625
0.62125
0.620875
0.6205
0.620125
0.61975
0.619375
0.619
0.618625
0.61825
0.617875
0.6175
0.617125
0.61675
0.616375
0.616
0.615625
0.61525
0.614875
0.6145
0.614125
0.61375
0.613375
0.613
0.612625
0.61225
0.611875
0.6115
0.611125
0.61075
0.610375
0.61
0.609625
0.60925
0.608875
0.6085
0.608125
0.60775
0.607375
0.607
0.606625
0.60625
0.605875
0.6055
0.605125
0.60475
0.604375
0.604
0.603625
0.60325
0.602875
0.6025
0.602125
0.60175
0.601375
0.601
0.600625
0.60025
0.599875
0.5995
0.599125
0.59875
0.598375
0.598
0.597625
0.59725
0.596875
0.5965
0.596125
0.59575
0.595375
0.595
0.594625
0.59425
0.593875
0.5935
0.593125
0.59275
0.592375
0.592
0.591625
0.59125
0.590875
0.5905
0.590125
0.58975
0.589375
0.589
0.588625
0.58825
0.587875
0.5875
0.587125
0.58675
0.586375
0.586
0.585625
0.58525
0.584875
0.5845
0.584125
0.58375
0.583375
0.583
0.582625
0.58225
0.581875
0.5815
0.581125
0.58075
0.580375
0.58
0.579625
0.57925
0.578875
0.5785
0.578125
0.57775
0.577375
0.577
0.576625
0.57625
0.575875
0.5755
0.575125
0.57475
0.574375
0.574
0.573625
0.57325
0.572875
0.5725
0.572125
0.57175
0.571375
0.571
0.570625
0.57025
0.569875
0.5695
0.569125
0.56875
0.568375
0.568
0.567625
0.56725
0.566875
0.5665
0.566125
0.56575
0.565375
0.565
0.564625
0.56425
0.563875
0.5635
0.563125
0.56275
0.562375
0.562
0.561625
0.56125
0.560875
0.5605
0.560125
0.55975
0.559375
0.559
0.558625
0.55825
0.557875
0.5575
0.557125
0.55675
0.556375
0.556
0.555625
0.55525
0.554875
0.5545
0.554125
0.55375
0.553375
0.553
0.552625
0.55225
0.551875
0.5515
0.551125
0.55075
0.550375
0.55
0.549625
0.54925
0.548875
0.5485
0.548125
0.54775
0.547375
0.547
0.546625
0.54625
0.545875
0.5455
0.545125
0.54475
0.544375
0.544
0.543625
0.54325
0.542875
0.5425
0.542125
0.54175
0.541375
0.541
0.540625
0.54025
0.539875
0.5395
0.539125
0.53875
0.538375
0.538
0.537625
0.53725
0.536875
0.5365
0.536125
0.53575
0.535375
0.535
0.534625
0.53425
0.533875
0.5335
0.533125
0.53275
0.532375
0.532
0.531625
0.53125
0.530875
0.5305
0.530125
0.52975
0.529375
0.529
0.528625
0.52825
0.527875
0.5275
0.527125
0.52675
0.526375
0.526
0.525625
0.52525
0.524875
0.5245
0.524125
0.52375
0.523375
0.523
0.522625
0.52225
0.521875
0.5215
0.521125
0.52075
0.520375
0.52
0.519625
0.51925
0.518875
0.5185
0.518125
0.51775
0.517375
0.517
0.516625
0.51625
0.515875
0.5155
0.515125
0.51475
0.514375
0.514
0.513625
0.51325
0.512875
0.5125
0.512125
0.51175
0.511375
0.511
0.510625
0.51025
0.509875
0.5095
0.509125
0.50875
0.508375
0.508
0.507625
0.50725
0.506875
0.5065
0.506125
0.50575
0.505375
0.505
0.504625
0.50425
0.503875
0.5035
0.503125
0.50275
0.502375
0.502
0.501625
0.50125
0.500875
0.5005
0.500125
0.49975
0.499375
0.499
0.498625
0.49825
0.497875
0.4975
0.497125
0.49675
0.496375
0.496
0.495625
0.49525
0.494875
0.4945
0.494125
0.49375
0.493375
0.493
0.492625
0.49225
0.491875
0.4915
0.491125
0.49075
0.490375
0.49
0.489625
0.48925
0.488875
0.4885
0.488125
0.48775
0.487375
0.487
0.486625
0.48625
0.485875
0.4855
0.485125
0.48475
0.484375
0.484
0.483625
0.48325
0.482875
0.4825
0.482125
0.48175
0.481375
0.481
0.480625
0.48025
0.479875
0.4795
0.479125
0.47875
0.478375
0.478
0.477625
0.47725
0.476875
0.4765
0.476125
0.47575
0.475375
0.475
0.474625
0.47425
0.473875
0.4735
0.473125
0.47275
0.472375
0.472
0.471625
0.47125
0.470875
0.4705
0.470125
0.46975
0.469375
0.469
0.468625
0.46825
0.467875
0.4675
0.467125
0.46675
0.466375
0.466
0.465625
0.46525
0.464875
0.4645
0.464125
0.46375
0.463375
0.463
0.462625
0.46225
0.461875
0.4615
0.461125
0.46075
0.460375
0.46
0.459625
0.45925
0.458875
0.4585
0.458125
0.45775
0.457375
0.457
0.456625
0.45625
0.455875
0.4555
0.455125
0.45475
0.454375
0.454
0.453625
0.45325
0.452875
0.4525
0.452125
0.45175
0.451375
0.451
0.450625
0.45025
0.449875
0.4495
0.449125
0.44875
0.448375
0.448
0.447625
0.44725
0.446875
0.4465
0.446125
0.44575
0.445375
0.445
0.444625
0.44425
0.443875
0.4435
0.443125
0.44275
0.442375
0.442
0.441625
0.44125
0.440875
0.4405
0.440125
0.43975
0.439375
0.439
0.438625
0.43825
0.437875
0.4375
0.437125
0.43675
0.436375
0.436
0.435625
0.43525
0.434875
0.4345
0.434125
0.43375
0.433375
0.433
0.432625
0.43225
0.431875
0.4315
0.431125
0.43075
0.430375
0.43
0.429625
0.42925
0.428875
0.4285
0.428125
0.42775
0.427375
0.427
0.426625
0.42625
0.425875
0.4255
0.425125
0.42475
0.424375
0.424
0.423625
0.42325
0.422875
0.4225
0.422125
0.42175
0.421375
0.421
0.420625
0.42025
0.419875
0.4195
0.419125
0.41875
0.418375
0.418
0.417625
0.41725
0.416875
0.4165
0.416125
0.41575
0.415375
0.415
0.414625
0.41425
0.413875
0.4135
0.413125
0.41275
0.412375
0.412
0.411625
0.41125
0.410875
0.4105
0.410125
0.40975
0.409375
0.409
0.408625
0.40825
0.407875
0.4075
0.407125
0.40675
0.406375
0.406
0.405625
0.40525
0.404875
0.4045
0.404125
0.40375
0.403375
0.403
0.402625
0.40225
0.401875
0.4015
0.401125
0.40075
0.400375
0.0
0.399875
0.39975
0.399625
0.3995
0.399375
0.39925
0.399125
0.399
0.398875
0.39875
0.398625
0.3985
0.398375
0.39825
0.398125
0.398
0.397875
0.39775
0.397625
0.3975
0.397375
0.39725
0.397125
0.397
0.396875
0.39675
0.396625
0.3965
0.396375
0.39625
0.396125
0.396
0.395875
0.39575
0.395625
0.3955
0.395375
0.39525
0.395125
0.395
0.394875
0.39475
0.394625
0.3945
0.394375
0.39425
0.394125
0.394
0.393875
0.39375
0.393625
0.3935
0.393375
0.39325
0.393125
0.393
0.392875
0.39275
0.392625
0.3925
0.392375
0.39225
0.392125
0.392
0.391875
0.39175
0.391625
0.3915
0.391375
0.39125
0.391125
0.391
0.390875
0.39075
0.390625
0.3905
0.390375
0.39025
0.390125
0.39
0.389875
0.38975
0.389625
0.3895
0.389375
0.38925
0.389125
0.389
0.388875
0.38875
0.388625
0.3885
0.388375
0.38825
0.388125
0.388
0.387875
0.38775
0.387625
0.3875
0.387375
0.38725
0.387125
0.387
0.386875
0.38675
0.386625
0.3865
0.386375
0.38625
0.386125
0.386
0.385875
0.38575
0.385625
0.3855
0.385375
0.38525
0.385125
0.385
0.384875
0.38475
0.384625
0.3845
0.384375
0.38425
0.384125
0.384
0.383875
0.38375
0.383625
0.3835
0.383375
0.38325
0.383125
0.383
0.382875
0.38275
0.382625
0.3825
0.382375
0.38225
0.382125
0.382
0.381875
0.38175
0.381625
0.3815
0.381375
0.38125
0.381125
0.381
0.380875
0.38075
0.380625
0.3805
0.380375
0.38025
0.380125
0.38
0.379875
0.37975
0.379625
0.3795
0.379375
0.37925
0.379125
0.379
0.378875
0.37875
0.378625
0.3785
0.378375
0.37825
0.378125
0.378
0.377875
0.37775
0.377625
0.3775
0.377375
0.37725
0.377125
0.377
0.376875
0.37675
0.376625
0.3765
0.376375
0.37625
0.376125
0.376
0.375875
0.37575
0.375625
0.3755
0.375375
0.37525
0.375125
0.375
0.374875
0.37475
0.374625
0.3745
0.374375
0.37425
0.374125
0.374
0.373875
0.37375
0.373625
0.3735
0.373375
0.37325
0.373125
0.373
0.372875
0.37275
0.372625
0.3725
0.372375
0.37225
0.372125
0.372
0.371875
0.37175
0.371625
0.3715
0.371375
0.37125
0.371125
0.371
0.370875
0.37075
0.370625
0.3705
0.370375
0.37025
0.370125
0.37
0.369875
0.36975
0.369625
0.3695
0.369375
0.36925
0.369125
0.369
0.368875
0.36875
0.368625
0.3685
0.368375
0.36825
0.368125
0.368
0.367875
0.36775
0.367625
0.3675
0.367375
0.36725
0.367125
0.367
0.366875
0.36675
0.366625
0.3665
0.366375
0.36625
0.366125
0.366
0.365875
0.36575
0.365625
0.3655
0.365375
0.36525
0.365125
0.365
0.364875
0.36475
0.364625
0.3645
0.364375
0.36425
0.364125
0.364
0.363875
0.36375
0.363625
0.3635
0.363375
0.36325
0.363125
0.363
0.362875
0.36275
0.362625
0.3625
0.362375
0.36225
0.362125
0.362
0.361875
0.36175
0.361625
0.3615
0.361375
0.36125
0.361125
0.361
0.360875
0.36075
0.360625
0.3605
0.360375
0.36025
0.360125
0.36
0.359875
0.35975
0.359625
0.3595
0.359375
0.35925
0.359125
0.359
0.358875
0.35875
0.358625
0.3585
0.358375
0.35825
0.358125
0.358
0.357875
0.35775
0.357625
0.3575
0.357375
0.35725
0.357125
0.357
0.356875
0.35675
0.356625
0.3565
0.356375
0.35625
0.356125
0.356
0.355875
0.35575
0.355625
0.3555
0.355375
0.35525
0.355125
0.355
0.354875
0.35475
0.354625
0.3545
0.354375
0.35425
0.354125
0.354
0.353875
0.35375
0.353625
0.3535
0.353375
0.35325
0.353125
0.353
0.352875
0.35275
0.352625
0.3525
0.352375
0.35225
0.352125
0.352
0.351875
0.35175
0.351625
0.3515
0.351375
0.35125
0.351125
0.351
0.350875
0.35075
0.350625
0.3505
0.350375
0.35025
0.350125
0.35
0.349875
0.34975
0.349625
0.3495
0.349375
0.34925
0.349125
0.349
0.348875
0.34875
0.348625
0.3485
0.348375
0.34825
0.348125
0.348
0.347875
0.34775
0.347625
0.3475
0.347375
0.34725
0.347125
0.347
0.346875
0.34675
0.346625
0.3465
0.346375
0.34625
0.346125
0.346
0.345875
0.34575
0.345625
0.3455
0.345375
0.34525
0.345125
0.345
0.344875
0.34475
0.344625
0.3445
0.344375
0.34425
0.344125
0.344
0.343875
0.34375
0.343625
0.3435
0.343375
0.34325
0.343125
0.343
0.342875
0.34275
0.342625
0.3425
0.342375
0.34225
0.342125
0.342
0.341875
0.34175
0.341625
0.3415
0.341375
0.34125
0.341125
0.341
0.340875
0.34075
0.340625
0.3405
0.340375
0.34025
0.340125
0.34
0.339875
0.33975
0.339625
0.3395
0.339375
0.33925
0.339125
0.339
0.338875
0.33875
0.338625
0.3385
0.338375
0.33825
0.338125
0.338
0.337875
0.33775
0.337625
0.3375
0.337375
0.33725
0.337125
0.337
0.336875
0.33675
0.336625
0.3365
0.336375
0.33625
0.336125
0.336
0.335875
0.33575
0.335625
0.3355
0.335375
0.33525
0.335125
0.335
0.334875
0.33475
0.334625
0.3345
0.334375
0.33425
0.334125
0.334
0.333875
0.33375
0.333625
0.3335
0.333375
0.33325
0.333125
0.333
0.332875
0.33275
0.332625
0.3325
0.332375
0.33225
0.332125
0.332
0.331875
0.33175
0.331625
0.3315
0.331375
0.33125
0.331125
0.331
0.330875
0.33075
0.330625
0.3305
0.330375
0.33025
0.330125
0.33
0.329875
0.32975
0.329625
0.3295
0.329375
0.32925
0.329125
0.329
0.328875
0.32875
0.328625
0.3285
0.328375
0.32825
0.328125
0.328
0.327875
0.32775
0.327625
0.3275
0.327375
0.32725
0.327125
0.327
0.326875
0.32675
0.326625
0.3265
0.326375
0.32625
0.326125
0.326
0.325875
0.32575
0.325625
0.3255
0.325375
0.32525
0.325125
0.325
0.324875
0.32475
0.324625
0.3245
0.324375
0.32425
0.324125
0.324
0.323875
0.32375
0.323625
0.3235
0.323375
0.32325
0.323125
0.323
0.322875
0.32275
0.322625
0.3225
0.322375
0.32225
0.322125
0.322
0.321875
0.32175
0.321625
0.3215
0.321375
0.32125
0.321125
0.321
0.320875
0.32075
0.320625
0.3205
0.320375
0.32025
0.320125
0.32
0.319875
0.31975
0.319625
0.3195
0.319375
0.31925
0.319125
0.319
0.318875
0.31875
0.318625
0.3185
0.318375
0.31825
0.318125
0.318
0.317875
0.31775
0.317625
0.3175
0.317375
0.31725
0.317125
0.317
0.316875
0.31675
0.316625
0.3165
0.316375
0.31625
0.316125
0.316
0.315875
0.31575
0.315625
0.3155
0.315375
0.31525
0.315125
0.315
0.314875
0.31475
0.314625
0.3145
0.314375
0.31425
0.314125
0.314
0.313875
0.31375
0.313625
0.3135
0.313375
0.31325
0.313125
0.313
0.312875
0.31275
0.312625
0.3125
0.312375
0.31225
0.312125
0.312
0.311875
0.31175
0.311625
0.3115
0.311375
0.31125
0.311125
0.311
0.310875
0.31075
0.310625
0.3105
0.310375
0.31025
0.310125
0.31
0.309875
0.30975
0.309625
0.3095
0.309375
0.30925
0.309125
0.309
0.308875
0.30875
0.308625
0.3085
0.308375
0.30825
0.308125
0.308
0.307875
0.30775
0.307625
0.3075
0.307375
0.30725
0.307125
0.307
0.306875
0.30675
0.306625
0.3065
0.306375
0.30625
0.306125
0.306
0.305875
0.30575
0.305625
0.3055
0.305375
0.30525
0.305125
0.305
0.304875
0.30475
0.304625
0.3045
0.304375
0.30425
0.304125
0.304
0.303875
0.30375
0.303625
0.3035
0.303375
0.30325
0.303125
0.303
0.302875
0.30275
0.302625
0.3025
0.302375
0.30225
0.302125
0.302
0.301875
0.30175
0.301625
0.3015
0.301375
0.30125
0.301125
0.301
0.300875
0.30075
0.300625
0.3005
0.300375
0.30025
0.300125
0.3
0.299875
0.29975
0.299625
0.2995
0.299375
0.29925
0.299125
0.299
0.298875
0.29875
0.298625
0.2985
0.298375
0.29825
0.298125
0.298
0.297875
0.29775
0.297625
0.2975
0.297375
0.29725
0.297125
0.297
0.296875
0.29675
0.296625
0.2965
0.296375
0.29625
0.296125
0.296
0.295875
0.29575
0.295625
0.2955
0.295375
0.29525
0.295125
0.295
0.294875
0.29475
0.294625
0.2945
0.294375
0.29425
0.294125
0.294
0.293875
0.29375
0.293625
0.2935
0.293375
0.29325
0.293125
0.293
0.292875
0.29275
0.292625
0.2925
0.292375
0.29225
0.292125
0.292
0.291875
0.29175
0.291625
0.2915
0.291375
0.29125
0.291125
0.291
0.290875
0.29075
0.290625
0.2905
0.290375
0.29025
0.290125
0.29
0.289875
0.28975
0.289625
0.2895
0.289375
0.28925
0.289125
0.289
0.288875
0.28875
0.288625
0.2885
0.288375
0.28825
0.288125
0.288
0.287875
0.28775
0.287625
0.2875
0.287375
0.28725
0.287125
0.287
0.286875
0.28675
0.286625
0.2865
0.286375
0.28625
0.286125
0.286
0.285875
0.28575
0.285625
0.2855
0.285375
0.28525
0.285125
0.285
0.284875
0.28475
0.284625
0.2845
0.284375
0.28425
0.284125
0.284
0.283875
0.28375
0.283625
0.2835
0.283375
0.28325
0.283125
0.283
0.282875
0.28275
0.282625
0.2825
0.282375
0.28225
0.282125
0.282
0.281875
0.28175
0.281625
0.2815
0.281375
0.28125
0.281125
0.281
0.280875
0.28075
0.280625
0.2805
0.280375
0.28025
0.280125
0.28
0.279875
0.27975
0.279625
0.2795
0.279375
0.27925
0.279125
0.279
0.278875
0.27875
0.278625
0.2785
0.278375
0.27825
0.278125
0.278
0.277875
0.27775
0.277625
0.2775
0.277375
0.27725
0.277125
0.277
0.276875
0.27675
0.276625
0.2765
0.276375
0.27625
0.276125
0.276
0.275875
0.27575
0.275625
0.2755
0.275375
0.27525
0.275125
0.275
0.274875
0.27475
0.274625
0.2745
0.274375
0.27425
0.274125
0.274
0.273875
0.27375
0.273625
0.2735
0.273375
0.27325
0.273125
0.273
0.272875
0.27275
0.272625
0.2725
0.272375
0.27225
0.272125
0.272
0.271875
0.27175
0.271625
0.2715
0.271375
0.27125
0.271125
0.271
0.270875
0.27075
0.270625
0.2705
0.270375
0.27025
0.270125
0.27
0.269875
0.26975
0.269625
0.2695
0.269375
0.26925
0.269125
0.269
0.268875
0.26875
0.268625
0.2685
0.268375
0.26825
0.268125
0.268
0.267875
0.26775
0.267625
0.2675
0.267375
0.26725
0.267125
0.267
0.266875
0.26675
0.266625
0.2665
0.266375
0.26625
0.266125
0.266
0.265875
0.26575
0.265625
0.2655
0.265375
0.26525
0.265125
0.265
0.264875
0.26475
0.264625
0.2645
0.264375
0.26425
0.264125
0.264
0.263875
0.26375
0.263625
0.2635
0.263375
0.26325
0.263125
0.263
0.262875
0.26275
0.262625
0.2625
0.262375
0.26225
0.262125
0.262
0.261875
0.26175
0.261625
0.2615
0.261375
0.26125
0.261125
0.261
0.260875
0.26075
0.260625
0.2605
0.260375
0.26025
0.260125
0.26
0.259875
0.25975
0.259625
0.2595
0.259375
0.25925
0.259125
0.259
0.258875
0.25875
0.258625
0.2585
0.258375
0.25825
0.258125
0.258
0.257875
0.25775
0.257625
0.2575
0.257375
0.25725
0.257125
0.257
0.256875
0.25675
0.256625
0.2565
0.256375
0.25625
0.256125
0.256
0.255875
0.25575
0.255625
0.2555
0.255375
0.25525
0.255125
0.255
0.254875
0.25475
0.254625
0.2545
0.254375
0.25425
0.254125
0.254
0.253875
0.25375
0.253625
0.2535
0.253375
0.25325
0.253125
0.253
0.252875
0.25275
0.252625
0.2525
0.252375
0.25225
0.252125
0.252
0.251875
0.25175
0.251625
0.2515
0.251375
0.25125
0.251125
0.251
0.250875
0.25075
0.250625
0.2505
0.250375
0.25025
0.250125
0.25
0.249875
0.24975
0.249625
0.2495
0.249375
0.24925
0.249125
0.249
0.248875
0.24875
0.248625
0.2485
0.248375
0.24825
0.248125
0.248
0.247875
0.24775
0.247625
0.2475
0.247375
0.24725
0.247125
0.247
0.246875
0.24675
0.246625
0.2465
0.246375
0.24625
0.246125
0.246
0.245875
0.24575
0.245625
0.2455
0.245375
0.24525
0.245125
0.245
0.244875
0.24475
0.244625
0.2445
0.244375
0.24425
0.244125
0.244
0.243875
0.24375
0.243625
0.2435
0.243375
0.24325
0.243125
0.243
0.242875
0.24275
0.242625
0.2425
0.242375
0.24225
0.242125
0.242
0.241875
0.24175
0.241625
0.2415
0.241375
0.24125
0.241125
0.241
0.240875
0.24075
0.240625
0.2405
0.240375
0.24025
0.240125
0.24
0.239875
0.23975
0.239625
0.2395
0.239375
0.23925
0.239125
0.239
0.238875
0.23875
0.238625
0.2385
0.238375
0.23825
0.238125
0.238
0.237875
0.23775
0.237625
0.2375
0.237375
0.23725
0.237125
0.237
0.236875
0.23675
0.236625
0.2365
0.236375
0.23625
0.236125
0.236
0.235875
0.23575
0.235625
0.2355
0.235375
0.23525
0.235125
0.235
0.234875
0.23475
0.234625
0.2345
0.234375
0.23425
0.234125
0.234
0.233875
0.23375
0.233625
0.2335
0.233375
0.23325
0.233125
0.233
0.232875
0.23275
0.232625
0.2325
0.232375
0.23225
0.232125
0.232
0.231875
0.23175
0.231625
0.2315
0.231375
0.23125
0.231125
0.231
0.230875
0.23075
0.230625
0.2305
0.230375
0.23025
0.230125
0.23
0.229875
0.22975
0.229625
0.2295
0.229375
0.22925
0.229125
0.229
0.228875
0.22875
0.228625
0.2285
0.228375
0.22825
0.228125
0.228
0.227875
0.22775
0.227625
0.2275
0.227375
0.22725
0.227125
0.227
0.226875
0.22675
0.226625
0.2265
0.226375
0.22625
0.226125
0.226
0.225875
0.22575
0.225625
0.2255
0.225375
0.22525
0.225125
0.225
0.224875
0.22475
0.224625
0.2245
0.224375
0.22425
0.224125
0.224
0.223875
0.22375
0.223625
0.2235
0.223375
0.22325
0.223125
0.223
0.222875
0.22275
0.222625
0.2225
0.222375
0.22225
0.222125
0.222
0.221875
0.22175
0.221625
0.2215
0.221375
0.22125
0.221125
0.221
0.220875
0.22075
0.220625
0.2205
0.220375
0.22025
0.220125
0.22
0.219875
0.21975
0.219625
0.2195
0.219375
0.21925
0.219125
0.219
0.218875
0.21875
0.218625
0.2185
0.218375
0.21825
0.218125
0.218
0.217875
0.21775
0.217625
0.2175
0.217375
0.21725
0.217125
0.217
0.216875
0.21675
0.216625
0.2165
0.216375
0.21625
0.216125
0.216
0.215875
0.21575
0.215625
0.2155
0.215375
0.21525
0.215125
0.215
0.214875
0.21475
0.214625
0.2145
0.214375
0.21425
0.214125
0.214
0.213875
0.21375
0.213625
0.2135
0.213375
0.21325
0.213125
0.213
0.212875
0.21275
0.212625
0.2125
0.212375
0.21225
0.212125
0.212
0.211875
0.21175
0.211625
0.2115
0.211375
0.21125
0.211125
0.211
0.210875
0.21075
0.210625
0.2105
0.210375
0.21025
0.210125
0.21
0.209875
0.20975
0.209625
0.2095
0.209375
0.20925
0.209125
0.209
0.208875
0.20875
0.208625
0.2085
0.208375
0.20825
0.208125
0.208
0.207875
0.20775
0.207625
0.2075
0.207375
0.20725
0.207125
0.207
0.206875
0.20675
0.206625
0.2065
0.206375
0.20625
0.206125
0.206
0.205875
0.20575
0.205625
0.2055
0.205375
0.20525
0.205125
0.205
0.204875
0.20475
0.204625
0.2045
0.204375
0.20425
0.204125
0.204
0.203875
0.20375
0.203625
0.2035
0.203375
0.20325
0.203125
0.203
0.202875
0.20275
0.202625
0.2025
0.202375
0.20225
0.202125
0.202
0.201875
0.20175
0.201625
0.2015
0.201375
0.20125
0.201125
0.201
0.200875
0.20075
0.200625
0.2005
0.200375
0.20025
0.200125
0.0
0.199958333333
0.199916666667
0.199875
0.199833333333
0.199791666667
0.19975
0.199708333333
0.199666666667
0.199625
0.199583333333
0.199541666667
0.1995
0.199458333333
0.199416666667
0.199375
0.199333333333
0.199291666667
0.19925
0.199208333333
0.199166666667
0.199125
0.199083333333
0.199041666667
0.199
0.198958333333
0.198916666667
0.198875
0.198833333333
0.198791666667
0.19875
0.198708333333
0.198666666667
0.198625
0.198583333333
0.198541666667
0.1985
0.198458333333
0.198416666667
0.198375
0.198333333333
0.198291666667
0.19825
0.198208333333
0.198166666667
0.198125
0.198083333333
0.198041666667
0.198
0.197958333333
0.197916666667
0.197875
0.197833333333
0.197791666667
0.19775
0.197708333333
0.197666666667
0.197625
0.197583333333
0.197541666667
0.1975
0.197458333333
0.197416666667
0.197375
0.197333333333
0.197291666667
0.19725
0.197208333333
0.197166666667
0.197125
0.197083333333
0.197041666667
0.197
0.196958333333
0.196916666667
0.196875
0.196833333333
0.196791666667
0.19675
0.196708333333
0.196666666667
0.196625
0.196583333333
0.196541666667
0.1965
0.196458333333
0.196416666667
0.196375
0.196333333333
0.196291666667
0.19625
0.196208333333
0.196166666667
0.196125
0.196083333333
0.196041666667
0.196
0.195958333333
0.195916666667
0.195875
0.195833333333
0.195791666667
0.19575
0.195708333333
0.195666666667
0.195625
0.195583333333
0.195541666667
0.1955
0.195458333333
0.195416666667
0.195375
0.195333333333
0.195291666667
0.19525
0.195208333333
0.195166666667
0.195125
0.195083333333
0.195041666667
0.195
0.194958333333
0.194916666667
0.194875
0.194833333333
0.194791666667
0.19475
0.194708333333
0.194666666667
0.194625
0.194583333333
0.194541666667
0.1945
0.194458333333
0.194416666667
0.194375
0.194333333333
0.194291666667
0.19425
0.194208333333
0.194166666667
0.194125
0.194083333333
0.194041666667
0.194
0.193958333333
0.193916666667
0.193875
0.193833333333
0.193791666667
0.19375
0.193708333333
0.193666666667
0.193625
0.193583333333
0.193541666667
0.1935
0.193458333333
0.193416666667
0.193375
0.193333333333
0.193291666667
0.19325
0.193208333333
0.193166666667
0.193125
0.193083333333
0.193041666667
0.193
0.192958333333
0.192916666667
0.192875
0.192833333333
0.192791666667
0.19275
0.192708333333
0.192666666667
0.192625
0.192583333333
0.192541666667
0.1925
0.192458333333
0.192416666667
0.192375
0.192333333333
0.192291666667
0.19225
0.192208333333
0.192166666667
0.192125
0.192083333333
0.192041666667
0.192
0.191958333333
0.191916666667
0.191875
0.191833333333
0.191791666667
0.19175
0.191708333333
0.191666666667
0.191625
0.191583333333
0.191541666667
0.1915
0.191458333333
0.191416666667
0.191375
0.191333333333
0.191291666667
0.19125
0.191208333333
0.191166666667
0.191125
0.191083333333
0.191041666667
0.191
0.190958333333
0.190916666667
0.190875
0.190833333333
0.190791666667
0.19075
0.190708333333
0.190666666667
0.190625
0.190583333333
0.190541666667
0.1905
0.190458333333
0.190416666667
0.190375
0.190333333333
0.190291666667
0.19025
0.190208333333
0.190166666667
0.190125
0.190083333333
0.190041666667
0.19
0.189958333333
0.189916666667
0.189875
0.189833333333
0.189791666667
0.18975
0.189708333333
0.189666666667
0.189625
0.189583333333
0.189541666667
0.1895
0.189458333333
0.189416666667
0.189375
0.189333333333
0.189291666667
0.18925
0.189208333333
0.189166666667
0.189125
0.189083333333
0.189041666667
0.189
0.188958333333
0.188916666667
0.188875
0.188833333333
0.188791666667
0.18875
0.188708333333
0.188666666667
0.188625
0.188583333333
0.188541666667
0.1885
0.188458333333
0.188416666667
0.188375
0.188333333333
0.188291666667
0.18825
0.188208333333
0.188166666667
0.188125
0.188083333333
0.188041666667
0.188
0.187958333333
0.187916666667
0.187875
0.187833333333
0.187791666667
0.18775
0.187708333333
0.187666666667
0.187625
0.187583333333
0.187541666667
0.1875
0.187458333333
0.187416666667
0.187375
0.187333333333
0.187291666667
0.18725
0.187208333333
0.187166666667
0.187125
0.187083333333
0.187041666667
0.187
0.186958333333
0.186916666667
0.186875
0.186833333333
0.186791666667
0.18675
0.186708333333
0.186666666667
0.186625
0.186583333333
0.186541666667
0.1865
0.186458333333
0.186416666667
0.186375
0.186333333333
0.186291666667
0.18625
0.186208333333
0.186166666667
0.186125
0.186083333333
0.186041666667
0.186
0.185958333333
0.185916666667
0.185875
0.185833333333
0.185791666667
0.18575
0.185708333333
0.185666666667
0.185625
0.185583333333
0.185541666667
0.1855
0.185458333333
0.185416666667
0.185375
0.185333333333
0.185291666667
0.18525
0.185208333333
0.185166666667
0.185125
0.185083333333
0.185041666667
0.185
0.184958333333
0.184916666667
0.184875
0.184833333333
0.184791666667
0.18475
0.184708333333
0.184666666667
0.184625
0.184583333333
0.184541666667
0.1845
0.184458333333
0.184416666667
0.184375
0.184333333333
0.184291666667
0.18425
0.184208333333
0.184166666667
0.184125
0.184083333333
0.184041666667
0.184
0.183958333333
0.183916666667
0.183875
0.183833333333
0.183791666667
0.18375
0.183708333333
0.183666666667
0.183625
0.183583333333
0.183541666667
0.1835
0.183458333333
0.183416666667
0.183375
0.183333333333
0.183291666667
0.18325
0.183208333333
0.183166666667
0.183125
0.183083333333
0.183041666667
0.183
0.182958333333
0.182916666667
0.182875
0.182833333333
0.182791666667
0.18275
0.182708333333
0.182666666667
0.182625
0.182583333333
0.182541666667
0.1825
0.182458333333
0.182416666667
0.182375
0.182333333333
0.182291666667
0.18225
0.182208333333
0.182166666667
0.182125
0.182083333333
0.182041666667
0.182
0.181958333333
0.181916666667
0.181875
0.181833333333
0.181791666667
0.18175
0.181708333333
0.181666666667
0.181625
0.181583333333
0.181541666667
0.1815
0.181458333333
0.181416666667
0.181375
0.181333333333
0.181291666667
0.18125
0.181208333333
0.181166666667
0.181125
0.181083333333
0.181041666667
0.181
0.180958333333
0.180916666667
0.180875
0.180833333333
0.180791666667
0.18075
0.180708333333
0.180666666667
0.180625
0.180583333333
0.180541666667
0.1805
0.180458333333
0.180416666667
0.180375
0.180333333333
0.180291666667
0.18025
0.180208333333
0.180166666667
0.180125
0.180083333333
0.180041666667
0.18
0.179958333333
0.179916666667
0.179875
0.179833333333
0.179791666667
0.17975
0.179708333333
0.179666666667
0.179625
0.179583333333
0.179541666667
0.1795
0.179458333333
0.179416666667
0.179375
0.179333333333
0.179291666667
0.17925
0.179208333333
0.179166666667
0.179125
0.179083333333
0.179041666667
0.179
0.178958333333
0.178916666667
0.178875
0.178833333333
0.178791666667
0.17875
0.178708333333
0.178666666667
0.178625
0.178583333333
0.178541666667
0.1785
0.178458333333
0.178416666667
0.178375
0.178333333333
0.178291666667
0.17825
0.178208333333
0.178166666667
0.178125
0.178083333333
0.178041666667
0.178
0.177958333333
0.177916666667
0.177875
0.177833333333
0.177791666667
0.17775
0.177708333333
0.177666666667
0.177625
0.177583333333
0.177541666667
0.1775
0.177458333333
0.177416666667
0.177375
0.177333333333
0.177291666667
0.17725
0.177208333333
0.177166666667
0.177125
0.177083333333
0.177041666667
0.177
0.176958333333
0.176916666667
0.176875
0.176833333333
0.176791666667
0.17675
0.176708333333
0.176666666667
0.176625
0.176583333333
0.176541666667
0.1765
0.176458333333
0.176416666667
0.176375
0.176333333333
0.176291666667
0.17625
0.176208333333
0.176166666667
0.176125
0.176083333333
0.176041666667
0.176
0.175958333333
0.175916666667
0.175875
0.175833333333
0.175791666667
0.17575
0.175708333333
0.175666666667
0.175625
0.175583333333
0.175541666667
0.1755
0.175458333333
0.175416666667
0.175375
0.175333333333
0.175291666667
0.17525
0.175208333333
0.175166666667
0.175125
0.175083333333
0.175041666667
0.175
0.174958333333
0.174916666667
0.174875
0.174833333333
0.174791666667
0.17475
0.174708333333
0.174666666667
0.174625
0.174583333333
0.174541666667
0.1745
0.174458333333
0.174416666667
0.174375
0.174333333333
0.174291666667
0.17425
0.174208333333
0.174166666667
0.174125
0.174083333333
0.174041666667
0.174
0.173958333333
0.173916666667
0.173875
0.173833333333
0.173791666667
0.17375
0.173708333333
0.173666666667
0.173625
0.173583333333
0.173541666667
0.1735
0.173458333333
0.173416666667
0.173375
0.173333333333
0.173291666667
0.17325
0.173208333333
0.173166666667
0.173125
0.173083333333
0.173041666667
0.173
0.172958333333
0.172916666667
0.172875
0.172833333333
0.172791666667
0.17275
0.172708333333
0.172666666667
0.172625
0.172583333333
0.172541666667
0.1725
0.172458333333
0.172416666667
0.172375
0.172333333333
0.172291666667
0.17225
0.172208333333
0.172166666667
0.172125
0.172083333333
0.172041666667
0.172
0.171958333333
0.171916666667
0.171875
0.171833333333
0.171791666667
0.17175
0.171708333333
0.171666666667
0.171625
0.171583333333
0.171541666667
0.1715
0.171458333333
0.171416666667
0.171375
0.171333333333
0.171291666667
0.17125
0.171208333333
0.171166666667
0.171125
0.171083333333
0.171041666667
0.171
0.170958333333
0.170916666667
0.170875
0.170833333333
0.170791666667
0.17075
0.170708333333
0.170666666667
0.170625
0.170583333333
0.170541666667
0.1705
0.170458333333
0.170416666667
0.170375
0.170333333333
0.170291666667
0.17025
0.170208333333
0.170166666667
0.170125
0.170083333333
0.170041666667
0.17
0.169958333333
0.169916666667
0.169875
0.169833333333
0.169791666667
0.16975
0.169708333333
0.169666666667
0.169625
0.169583333333
0.169541666667
0.1695
0.169458333333
0.169416666667
0.169375
0.169333333333
0.169291666667
0.16925
0.169208333333
0.169166666667
0.169125
0.169083333333
0.169041666667
0.169
0.168958333333
0.168916666667
0.168875
0.168833333333
0.168791666667
0.16875
0.168708333333
0.168666666667
0.168625
0.168583333333
0.168541666667
0.1685
0.168458333333
0.168416666667
0.168375
0.168333333333
0.168291666667
0.16825
0.168208333333
0.168166666667
0.168125
0.168083333333
0.168041666667
0.168
0.167958333333
0.167916666667
0.167875
0.167833333333
0.167791666667
0.16775
0.167708333333
0.167666666667
0.167625
0.167583333333
0.167541666667
0.1675
0.167458333333
0.167416666667
0.167375
0.167333333333
0.167291666667
0.16725
0.167208333333
0.167166666667
0.167125
0.167083333333
0.167041666667
0.167
0.166958333333
0.166916666667
0.166875
0.166833333333
0.166791666667
0.16675
0.166708333333
0.166666666667
0.166625
0.166583333333
0.166541666667
0.1665
0.166458333333
0.166416666667
0.166375
0.166333333333
0.166291666667
0.16625
0.166208333333
0.166166666667
0.166125
0.166083333333
0.166041666667
0.166
0.165958333333
0.165916666667
0.165875
0.165833333333
0.165791666667
0.16575
0.165708333333
0.165666666667
0.165625
0.165583333333
0.165541666667
0.1655
0.165458333333
0.165416666667
0.165375
0.165333333333
0.165291666667
0.16525
0.165208333333
0.165166666667
0.165125
0.165083333333
0.165041666667
0.165
0.164958333333
0.164916666667
0.164875
0.164833333333
0.164791666667
0.16475
0.164708333333
0.164666666667
0.164625
0.164583333333
0.164541666667
0.1645
0.164458333333
0.164416666667
0.164375
0.164333333333
0.164291666667
0.16425
0.164208333333
0.164166666667
0.164125
0.164083333333
0.164041666667
0.164
0.163958333333
0.163916666667
0.163875
0.163833333333
0.163791666667
0.16375
0.163708333333
0.163666666667
0.163625
0.163583333333
0.163541666667
0.1635
0.163458333333
0.163416666667
0.163375
0.163333333333
0.163291666667
0.16325
0.163208333333
0.163166666667
0.163125
0.163083333333
0.163041666667
0.163
0.162958333333
0.162916666667
0.162875
0.162833333333
0.162791666667
0.16275
0.162708333333
0.162666666667
0.162625
0.162583333333
0.162541666667
0.1625
0.162458333333
0.162416666667
0.162375
0.162333333333
0.162291666667
0.16225
0.162208333333
0.162166666667
0.162125
0.162083333333
0.162041666667
0.162
0.161958333333
0.161916666667
0.161875
0.161833333333
0.161791666667
0.16175
0.161708333333
0.161666666667
0.161625
0.161583333333
0.161541666667
0.1615
0.161458333333
0.161416666667
0.161375
0.161333333333
0.161291666667
0.16125
0.161208333333
0.161166666667
0.161125
0.161083333333
0.161041666667
0.161
0.160958333333
0.160916666667
0.160875
0.160833333333
0.160791666667
0.16075
0.160708333333
0.160666666667
0.160625
0.160583333333
0.160541666667
0.1605
0.160458333333
0.160416666667
0.160375
0.160333333333
0.160291666667
0.16025
0.160208333333
0.160166666667
0.160125
0.160083333333
0.160041666667
0.16
0.159958333333
0.159916666667
0.159875
0.159833333333
0.159791666667
0.15975
0.159708333333
0.159666666667
0.159625
0.159583333333
0.159541666667
0.1595
0.159458333333
0.159416666667
0.159375
0.159333333333
0.159291666667
0.15925
0.159208333333
0.159166666667
0.159125
0.159083333333
0.159041666667
0.159
0.158958333333
0.158916666667
0.158875
0.158833333333
0.158791666667
0.15875
0.158708333333
0.158666666667
0.158625
0.158583333333
0.158541666667
0.1585
0.158458333333
0.158416666667
0.158375
0.158333333333
0.158291666667
0.15825
0.158208333333
0.158166666667
0.158125
0.158083333333
0.158041666667
0.158
0.157958333333
0.157916666667
0.157875
0.157833333333
0.157791666667
0.15775
0.157708333333
0.157666666667
0.157625
0.157583333333
0.157541666667
0.1575
0.157458333333
0.157416666667
0.157375
0.157333333333
0.157291666667
0.15725
0.157208333333
0.157166666667
0.157125
0.157083333333
0.157041666667
0.157
0.156958333333
0.156916666667
0.156875
0.156833333333
0.156791666667
0.15675
0.156708333333
0.156666666667
0.156625
0.156583333333
0.156541666667
0.1565
0.156458333333
0.156416666667
0.156375
0.156333333333
0.156291666667
0.15625
0.156208333333
0.156166666667
0.156125
0.156083333333
0.156041666667
0.156
0.155958333333
0.155916666667
0.155875
0.155833333333
0.155791666667
0.15575
0.155708333333
0.155666666667
0.155625
0.155583333333
0.155541666667
0.1555
0.155458333333
0.155416666667
0.155375
0.155333333333
0.155291666667
0.15525
0.155208333333
0.155166666667
0.155125
0.155083333333
0.155041666667
0.155
0.154958333333
0.154916666667
0.154875
0.154833333333
0.154791666667
0.15475
0.154708333333
0.154666666667
0.154625
0.154583333333
0.154541666667
0.1545
0.154458333333
0.154416666667
0.154375
0.154333333333
0.154291666667
0.15425
0.154208333333
0.154166666667
0.154125
0.154083333333
0.154041666667
0.154
0.153958333333
0.153916666667
0.153875
0.153833333333
0.153791666667
0.15375
0.153708333333
0.153666666667
0.153625
0.153583333333
0.153541666667
0.1535
0.153458333333
0.153416666667
0.153375
0.153333333333
0.153291666667
0.15325
0.153208333333
0.153166666667
0.153125
0.153083333333
0.153041666667
0.153
0.152958333333
0.152916666667
0.152875
0.152833333333
0.152791666667
0.15275
0.152708333333
0.152666666667
0.152625
0.152583333333
0.152541666667
0.1525
0.152458333333
0.152416666667
0.152375
0.152333333333
0.152291666667
0.15225
0.152208333333
0.152166666667
0.152125
0.152083333333
0.152041666667
0.152
0.151958333333
0.151916666667
0.151875
0.151833333333
0.151791666667
0.15175
0.151708333333
0.151666666667
0.151625
0.151583333333
0.151541666667
0.1515
0.151458333333
0.151416666667
0.151375
0.151333333333
0.151291666667
0.15125
0.151208333333
0.151166666667
0.151125
0.151083333333
0.151041666667
0.151
0.150958333333
0.150916666667
0.150875
0.150833333333
0.150791666667
0.15075
0.150708333333
0.150666666667
0.150625
0.150583333333
0.150541666667
0.1505
0.150458333333
0.150416666667
0.150375
0.150333333333
0.150291666667
0.15025
0.150208333333
0.150166666667
0.150125
0.150083333333
0.150041666667
0.15
0.149958333333
0.149916666667
0.149875
0.149833333333
0.149791666667
0.14975
0.149708333333
0.149666666667
0.149625
0.149583333333
0.149541666667
0.1495
0.149458333333
0.149416666667
0.149375
0.149333333333
0.149291666667
0.14925
0.149208333333
0.149166666667
0.149125
0.149083333333
0.149041666667
0.149
0.148958333333
0.148916666667
0.148875
0.148833333333
0.148791666667
0.14875
0.148708333333
0.148666666667
0.148625
0.148583333333
0.148541666667
0.1485
0.148458333333
0.148416666667
0.148375
0.148333333333
0.148291666667
0.14825
0.148208333333
0.148166666667
0.148125
0.148083333333
0.148041666667
0.148
0.147958333333
0.147916666667
0.147875
0.147833333333
0.147791666667
0.14775
0.147708333333
0.147666666667
0.147625
0.147583333333
0.147541666667
0.1475
0.147458333333
0.147416666667
0.147375
0.147333333333
0.147291666667
0.14725
0.147208333333
0.147166666667
0.147125
0.147083333333
0.147041666667
0.147
0.146958333333
0.146916666667
0.146875
0.146833333333
0.146791666667
0.14675
0.146708333333
0.146666666667
0.146625
0.146583333333
0.146541666667
0.1465
0.146458333333
0.146416666667
0.146375
0.146333333333
0.146291666667
0.14625
0.146208333333
0.146166666667
0.146125
0.146083333333
0.146041666667
0.146
0.145958333333
0.145916666667
0.145875
0.145833333333
0.145791666667
0.14575
0.145708333333
0.145666666667
0.145625
0.145583333333
0.145541666667
0.1455
0.145458333333
0.145416666667
0.145375
0.145333333333
0.145291666667
0.14525
0.145208333333
0.145166666667
0.145125
0.145083333333
0.145041666667
0.145
0.144958333333
0.144916666667
0.144875
0.144833333333
0.144791666667
0.14475
0.144708333333
0.144666666667
0.144625
0.144583333333
0.144541666667
0.1445
0.144458333333
0.144416666667
0.144375
0.144333333333
0.144291666667
0.14425
0.144208333333
0.144166666667
0.144125
0.144083333333
0.144041666667
0.144
0.143958333333
0.143916666667
0.143875
0.143833333333
0.143791666667
0.14375
0.143708333333
0.143666666667
0.143625
0.143583333333
0.143541666667
0.1435
0.143458333333
0.143416666667
0.143375
0.143333333333
0.143291666667
0.14325
0.143208333333
0.143166666667
0.143125
0.143083333333
0.143041666667
0.143
0.142958333333
0.142916666667
0.142875
0.142833333333
0.142791666667
0.14275
0.142708333333
0.142666666667
0.142625
0.142583333333
0.142541666667
0.1425
0.142458333333
0.142416666667
0.142375
0.142333333333
0.142291666667
0.14225
0.142208333333
0.142166666667
0.142125
0.142083333333
0.142041666667
0.142
0.141958333333
0.141916666667
0.141875
0.141833333333
0.141791666667
0.14175
0.141708333333
0.141666666667
0.141625
0.141583333333
0.141541666667
0.1415
0.141458333333
0.141416666667
0.141375
0.141333333333
0.141291666667
0.14125
0.141208333333
0.141166666667
0.141125
0.141083333333
0.141041666667
0.141
0.140958333333
0.140916666667
0.140875
0.140833333333
0.140791666667
0.14075
0.140708333333
0.140666666667
0.140625
0.140583333333
0.140541666667
0.1405
0.140458333333
0.140416666667
0.140375
0.140333333333
0.140291666667
0.14025
0.140208333333
0.140166666667
0.140125
0.140083333333
0.140041666667
0.14
0.139958333333
0.139916666667
0.139875
0.139833333333
0.139791666667
0.13975
0.139708333333
0.139666666667
0.139625
0.139583333333
0.139541666667
0.1395
0.139458333333
0.139416666667
0.139375
0.139333333333
0.139291666667
0.13925
0.139208333333
0.139166666667
0.139125
0.139083333333
0.139041666667
0.139
0.138958333333
0.138916666667
0.138875
0.138833333333
0.138791666667
0.13875
0.138708333333
0.138666666667
0.138625
0.138583333333
0.138541666667
0.1385
0.138458333333
0.138416666667
0.138375
0.138333333333
0.138291666667
0.13825
0.138208333333
0.138166666667
0.138125
0.138083333333
0.138041666667
0.138
0.137958333333
0.137916666667
0.137875
0.137833333333
0.137791666667
0.13775
0.137708333333
0.137666666667
0.137625
0.137583333333
0.137541666667
0.1375
0.137458333333
0.137416666667
0.137375
0.137333333333
0.137291666667
0.13725
0.137208333333
0.137166666667
0.137125
0.137083333333
0.137041666667
0.137
0.136958333333
0.136916666667
0.136875
0.136833333333
0.136791666667
0.13675
0.136708333333
0.136666666667
0.136625
0.136583333333
0.136541666667
0.1365
0.136458333333
0.136416666667
0.136375
0.136333333333
0.136291666667
0.13625
0.136208333333
0.136166666667
0.136125
0.136083333333
0.136041666667
0.136
0.135958333333
0.135916666667
0.135875
0.135833333333
0.135791666667
0.13575
0.135708333333
0.135666666667
0.135625
0.135583333333
0.135541666667
0.1355
0.135458333333
0.135416666667
0.135375
0.135333333333
0.135291666667
0.13525
0.135208333333
0.135166666667
0.135125
0.135083333333
0.135041666667
0.135
0.134958333333
0.134916666667
0.134875
0.134833333333
0.134791666667
0.13475
0.134708333333
0.134666666667
0.134625
0.134583333333
0.134541666667
0.1345
0.134458333333
0.134416666667
0.134375
0.134333333333
0.134291666667
0.13425
0.134208333333
0.134166666667
0.134125
0.134083333333
0.134041666667
0.134
0.133958333333
0.133916666667
0.133875
0.133833333333
0.133791666667
0.13375
0.133708333333
0.133666666667
0.133625
0.133583333333
0.133541666667
0.1335
0.133458333333
0.133416666667
0.133375
0.133333333333
0.133291666667
0.13325
0.133208333333
0.133166666667
0.133125
0.133083333333
0.133041666667
0.133
0.132958333333
0.132916666667
0.132875
0.132833333333
0.132791666667
0.13275
0.132708333333
0.132666666667
0.132625
0.132583333333
0.132541666667
0.1325
0.132458333333
0.132416666667
0.132375
0.132333333333
0.132291666667
0.13225
0.132208333333
0.132166666667
0.132125
0.132083333333
0.132041666667
0.132
0.131958333333
0.131916666667
0.131875
0.131833333333
0.131791666667
0.13175
0.131708333333
0.131666666667
0.131625
0.131583333333
0.131541666667
0.1315
0.131458333333
0.131416666667
0.131375
0.131333333333
0.131291666667
0.13125
0.131208333333
0.131166666667
0.131125
0.131083333333
0.131041666667
0.131
0.130958333333
0.130916666667
0.130875
0.130833333333
0.130791666667
0.13075
0.130708333333
0.130666666667
0.130625
0.130583333333
0.130541666667
0.1305
0.130458333333
0.130416666667
0.130375
0.130333333333
0.130291666667
0.13025
0.130208333333
0.130166666667
0.130125
0.130083333333
0.130041666667
0.13
0.129958333333
0.129916666667
0.129875
0.129833333333
0.129791666667
0.12975
0.129708333333
0.129666666667
0.129625
0.129583333333
0.129541666667
0.1295
0.129458333333
0.129416666667
0.129375
0.129333333333
0.129291666667
0.12925
0.129208333333
0.129166666667
0.129125
0.129083333333
0.129041666667
0.129
0.128958333333
0.128916666667
0.128875
0.128833333333
0.128791666667
0.12875
0.128708333333
0.128666666667
0.128625
0.128583333333
0.128541666667
0.1285
0.128458333333
0.128416666667
0.128375
0.128333333333
0.128291666667
0.12825
0.128208333333
0.128166666667
0.128125
0.128083333333
0.128041666667
0.128
0.127958333333
0.127916666667
0.127875
0.127833333333
0.127791666667
0.12775
0.127708333333
0.127666666667
0.127625
0.127583333333
0.127541666667
0.1275
0.127458333333
0.127416666667
0.127375
0.127333333333
0.127291666667
0.12725
0.127208333333
0.127166666667
0.127125
0.127083333333
0.127041666667
0.127
0.126958333333
0.126916666667
0.126875
0.126833333333
0.126791666667
0.12675
0.126708333333
0.126666666667
0.126625
0.126583333333
0.126541666667
0.1265
0.126458333333
0.126416666667
0.126375
0.126333333333
0.126291666667
0.12625
0.126208333333
0.126166666667
0.126125
0.126083333333
0.126041666667
0.126
0.125958333333
0.125916666667
0.125875
0.125833333333
0.125791666667
0.12575
0.125708333333
0.125666666667
0.125625
0.125583333333
0.125541666667
0.1255
0.125458333333
0.125416666667
0.125375
0.125333333333
0.125291666667
0.12525
0.125208333333
0.125166666667
0.125125
0.125083333333
0.125041666667
0.125
0.124958333333
0.124916666667
0.124875
0.124833333333
0.124791666667
0.12475
0.124708333333
0.124666666667
0.124625
0.124583333333
0.124541666667
0.1245
0.124458333333
0.124416666667
0.124375
0.124333333333
0.124291666667
0.12425
0.124208333333
0.124166666667
0.124125
0.124083333333
0.124041666667
0.124
0.123958333333
0.123916666667
0.123875
0.123833333333
0.123791666667
0.12375
0.123708333333
0.123666666667
0.123625
0.123583333333
0.123541666667
0.1235
0.123458333333
0.123416666667
0.123375
0.123333333333
0.123291666667
0.12325
0.123208333333
0.123166666667
0.123125
0.123083333333
0.123041666667
0.123
0.122958333333
0.122916666667
0.122875
0.122833333333
0.122791666667
0.12275
0.122708333333
0.122666666667
0.122625
0.122583333333
0.122541666667
0.1225
0.122458333333
0.122416666667
0.122375
0.122333333333
0.122291666667
0.12225
0.122208333333
0.122166666667
0.122125
0.122083333333
0.122041666667
0.122
0.121958333333
0.121916666667
0.121875
0.121833333333
0.121791666667
0.12175
0.121708333333
0.121666666667
0.121625
0.121583333333
0.121541666667
0.1215
0.121458333333
0.121416666667
0.121375
0.121333333333
0.121291666667
0.12125
0.121208333333
0.121166666667
0.121125
0.121083333333
0.121041666667
0.121
0.120958333333
0.120916666667
0.120875
0.120833333333
0.120791666667
0.12075
0.120708333333
0.120666666667
0.120625
0.120583333333
0.120541666667
0.1205
0.120458333333
0.120416666667
0.120375
0.120333333333
0.120291666667
0.12025
0.120208333333
0.120166666667
0.120125
0.120083333333
0.120041666667
0.12
0.119958333333
0.119916666667
0.119875
0.119833333333
0.119791666667
0.11975
0.119708333333
0.119666666667
0.119625
0.119583333333
0.119541666667
0.1195
0.119458333333
0.119416666667
0.119375
0.119333333333
0.119291666667
0.11925
0.119208333333
0.119166666667
0.119125
0.119083333333
0.119041666667
0.119
0.118958333333
0.118916666667
0.118875
0.118833333333
0.118791666667
0.11875
0.118708333333
0.118666666667
0.118625
0.118583333333
0.118541666667
0.1185
0.118458333333
0.118416666667
0.118375
0.118333333333
0.118291666667
0.11825
0.118208333333
0.118166666667
0.118125
0.118083333333
0.118041666667
0.118
0.117958333333
0.117916666667
0.117875
0.117833333333
0.117791666667
0.11775
0.117708333333
0.117666666667
0.117625
0.117583333333
0.117541666667
0.1175
0.117458333333
0.117416666667
0.117375
0.117333333333
0.117291666667
0.11725
0.117208333333
0.117166666667
0.117125
0.117083333333
0.117041666667
0.117
0.116958333333
0.116916666667
0.116875
0.116833333333
0.116791666667
0.11675
0.116708333333
0.116666666667
0.116625
0.116583333333
0.116541666667
0.1165
0.116458333333
0.116416666667
0.116375
0.116333333333
0.116291666667
0.11625
0.116208333333
0.116166666667
0.116125
0.116083333333
0.116041666667
0.116
0.115958333333
0.115916666667
0.115875
0.115833333333
0.115791666667
0.11575
0.115708333333
0.115666666667
0.115625
0.115583333333
0.115541666667
0.1155
0.115458333333
0.115416666667
0.115375
0.115333333333
0.115291666667
0.11525
0.115208333333
0.115166666667
0.115125
0.115083333333
0.115041666667
0.115
0.114958333333
0.114916666667
0.114875
0.114833333333
0.114791666667
0.11475
0.114708333333
0.114666666667
0.114625
0.114583333333
0.114541666667
0.1145
0.114458333333
0.114416666667
0.114375
0.114333333333
0.114291666667
0.11425
0.114208333333
0.114166666667
0.114125
0.114083333333
0.114041666667
0.114
0.113958333333
0.113916666667
0.113875
0.113833333333
0.113791666667
0.11375
0.113708333333
0.113666666667
0.113625
0.113583333333
0.113541666667
0.1135
0.113458333333
0.113416666667
0.113375
0.113333333333
0.113291666667
0.11325
0.113208333333
0.113166666667
0.113125
0.113083333333
0.113041666667
0.113
0.112958333333
0.112916666667
0.112875
0.112833333333
0.112791666667
0.11275
0.112708333333
0.112666666667
0.112625
0.112583333333
0.112541666667
0.1125
0.112458333333
0.112416666667
0.112375
0.112333333333
0.112291666667
0.11225
0.112208333333
0.112166666667
0.112125
0.112083333333
0.112041666667
0.112
0.111958333333
0.111916666667
0.111875
0.111833333333
0.111791666667
0.11175
0.111708333333
0.111666666667
0.111625
0.111583333333
0.111541666667
0.1115
0.111458333333
0.111416666667
0.111375
0.111333333333
0.111291666667
0.11125
0.111208333333
0.111166666667
0.111125
0.111083333333
0.111041666667
0.111
0.110958333333
0.110916666667
0.110875
0.110833333333
0.110791666667
0.11075
0.110708333333
0.110666666667
0.110625
0.110583333333
0.110541666667
0.1105
0.110458333333
0.110416666667
0.110375
0.110333333333
0.110291666667
0.11025
0.110208333333
0.110166666667
0.110125
0.110083333333
0.110041666667
0.11
0.109958333333
0.109916666667
0.109875
0.109833333333
0.109791666667
0.10975
0.109708333333
0.109666666667
0.109625
0.109583333333
0.109541666667
0.1095
0.109458333333
0.109416666667
0.109375
0.109333333333
0.109291666667
0.10925
0.109208333333
0.109166666667
0.109125
0.109083333333
0.109041666667
0.109
0.108958333333
0.108916666667
0.108875
0.108833333333
0.108791666667
0.10875
0.108708333333
0.108666666667
0.108625
0.108583333333
0.108541666667
0.1085
0.108458333333
0.108416666667
0.108375
0.108333333333
0.108291666667
0.10825
0.108208333333
0.108166666667
0.108125
0.108083333333
0.108041666667
0.108
0.107958333333
0.107916666667
0.107875
0.107833333333
0.107791666667
0.10775
0.107708333333
0.107666666667
0.107625
0.107583333333
0.107541666667
0.1075
0.107458333333
0.107416666667
0.107375
0.107333333333
0.107291666667
0.10725
0.107208333333
0.107166666667
0.107125
0.107083333333
0.107041666667
0.107
0.106958333333
0.106916666667
0.106875
0.106833333333
0.106791666667
0.10675
0.106708333333
0.106666666667
0.106625
0.106583333333
0.106541666667
0.1065
0.106458333333
0.106416666667
0.106375
0.106333333333
0.106291666667
0.10625
0.106208333333
0.106166666667
0.106125
0.106083333333
0.106041666667
0.106
0.105958333333
0.105916666667
0.105875
0.105833333333
0.105791666667
0.10575
0.105708333333
0.105666666667
0.105625
0.105583333333
0.105541666667
0.1055
0.105458333333
0.105416666667
0.105375
0.105333333333
0.105291666667
0.10525
0.105208333333
0.105166666667
0.105125
0.105083333333
0.105041666667
0.105
0.104958333333
0.104916666667
0.104875
0.104833333333
0.104791666667
0.10475
0.104708333333
0.104666666667
0.104625
0.104583333333
0.104541666667
0.1045
0.104458333333
0.104416666667
0.104375
0.104333333333
0.104291666667
0.10425
0.104208333333
0.104166666667
0.104125
0.104083333333
0.104041666667
0.104
0.103958333333
0.103916666667
0.103875
0.103833333333
0.103791666667
0.10375
0.103708333333
0.103666666667
0.103625
0.103583333333
0.103541666667
0.1035
0.103458333333
0.103416666667
0.103375
0.103333333333
0.103291666667
0.10325
0.103208333333
0.103166666667
0.103125
0.103083333333
0.103041666667
0.103
0.102958333333
0.102916666667
0.102875
0.102833333333
0.102791666667
0.10275
0.102708333333
0.102666666667
0.102625
0.102583333333
0.102541666667
0.1025
0.102458333333
0.102416666667
0.102375
0.102333333333
0.102291666667
0.10225
0.102208333333
0.102166666667
0.102125
0.102083333333
0.102041666667
0.102
0.101958333333
0.101916666667
0.101875
0.101833333333
0.101791666667
0.10175
0.101708333333
0.101666666667
0.101625
0.101583333333
0.101541666667
0.1015
0.101458333333
0.101416666667
0.101375
0.101333333333
0.101291666667
0.10125
0.101208333333
0.101166666667
0.101125
0.101083333333
0.101041666667
0.101
0.100958333333
0.100916666667
0.100875
0.100833333333
0.100791666667
0.10075
0.100708333333
0.100666666667
0.100625
0.100583333333
0.100541666667
0.1005
0.100458333333
0.100416666667
0.100375
0.100333333333
0.100291666667
0.10025
0.100208333333
0.100166666667
0.100125
0.100083333333
0.100041666667
0.0
0.099875
0.09975
0.099625
0.0995
0.099375
0.09925
0.099125
0.099
0.098875
0.09875
0.098625
0.0985
0.098375
0.09825
0.098125
0.098
0.097875
0.09775
0.097625
0.0975
0.097375
0.09725
0.097125
0.097
0.096875
0.09675
0.096625
0.0965
0.096375
0.09625
0.096125
0.096
0.095875
0.09575
0.095625
0.0955
0.095375
0.09525
0.095125
0.095
0.094875
0.09475
0.094625
0.0945
0.094375
0.09425
0.094125
0.094
0.093875
0.09375
0.093625
0.0935
0.093375
0.09325
0.093125
0.093
0.092875
0.09275
0.092625
0.0925
0.092375
0.09225
0.092125
0.092
0.091875
0.09175
0.091625
0.0915
0.091375
0.09125
0.091125
0.091
0.090875
0.09075
0.090625
0.0905
0.090375
0.09025
0.090125
0.09
0.089875
0.08975
0.089625
0.0895
0.089375
0.08925
0.089125
0.089
0.088875
0.08875
0.088625
0.0885
0.088375
0.08825
0.088125
0.088
0.087875
0.08775
0.087625
0.0875
0.087375
0.08725
0.087125
0.087
0.086875
0.08675
0.086625
0.0865
0.086375
0.08625
0.086125
0.086
0.085875
0.08575
0.085625
0.0855
0.085375
0.08525
0.085125
0.085
0.084875
0.08475
0.084625
0.0845
0.084375
0.08425
0.084125
0.084
0.083875
0.08375
0.083625
0.0835
0.083375
0.08325
0.083125
0.083
0.082875
0.08275
0.082625
0.0825
0.082375
0.08225
0.082125
0.082
0.081875
0.08175
0.081625
0.0815
0.081375
0.08125
0.081125
0.081
0.080875
0.08075
0.080625
0.0805
0.080375
0.08025
0.080125
0.08
0.079875
0.07975
0.079625
0.0795
0.079375
0.07925
0.079125
0.079
0.078875
0.07875
0.078625
0.0785
0.078375
0.07825
0.078125
0.078
0.077875
0.07775
0.077625
0.0775
0.077375
0.07725
0.077125
0.077
0.076875
0.07675
0.076625
0.0765
0.076375
0.07625
0.076125
0.076
0.075875
0.07575
0.075625
0.0755
0.075375
0.07525
0.075125
0.075
0.074875
0.07475
0.074625
0.0745
0.074375
0.07425
0.074125
0.074
0.073875
0.07375
0.073625
0.0735
0.073375
0.07325
0.073125
0.073
0.072875
0.07275
0.072625
0.0725
0.072375
0.07225
0.072125
0.072
0.071875
0.07175
0.071625
0.0715
0.071375
0.07125
0.071125
0.071
0.070875
0.07075
0.070625
0.0705
0.070375
0.07025
0.070125
0.07
0.069875
0.06975
0.069625
0.0695
0.069375
0.06925
0.069125
0.069
0.068875
0.06875
0.068625
0.0685
0.068375
0.06825
0.068125
0.068
0.067875
0.06775
0.067625
0.0675
0.067375
0.06725
0.067125
0.067
0.066875
0.06675
0.066625
0.0665
0.066375
0.06625
0.066125
0.066
0.065875
0.06575
0.065625
0.0655
0.065375
0.06525
0.065125
0.065
0.064875
0.06475
0.064625
0.0645
0.064375
0.06425
0.064125
0.064
0.063875
0.06375
0.063625
0.0635
0.063375
0.06325
0.063125
0.063
0.062875
0.06275
0.062625
0.0625
0.062375
0.06225
0.062125
0.062
0.061875
0.06175
0.061625
0.0615
0.061375
0.06125
0.061125
0.061
0.060875
0.06075
0.060625
0.0605
0.060375
0.06025
0.060125
0.06
0.059875
0.05975
0.059625
0.0595
0.059375
0.05925
0.059125
0.059
0.058875
0.05875
0.058625
0.0585
0.058375
0.05825
0.058125
0.058
0.057875
0.05775
0.057625
0.0575
0.057375
0.05725
0.057125
0.057
0.056875
0.05675
0.056625
0.0565
0.056375
0.05625
0.056125
0.056
0.055875
0.05575
0.055625
0.0555
0.055375
0.05525
0.055125
0.055
0.054875
0.05475
0.054625
0.0545
0.054375
0.05425
0.054125
0.054
0.053875
0.05375
0.053625
0.0535
0.053375
0.05325
0.053125
0.053
0.052875
0.05275
0.052625
0.0525
0.052375
0.05225
0.052125
0.052
0.051875
0.05175
0.051625
0.0515
0.051375
0.05125
0.051125
0.051
0.050875
0.05075
0.050625
0.0505
0.050375
0.05025
0.050125
0.05
0.049875
0.04975
0.049625
0.0495
0.049375
0.04925
0.049125
0.049
0.048875
0.04875
0.048625
0.0485
0.048375
0.04825
0.048125
0.048
0.047875
0.04775
0.047625
0.0475
0.047375
0.04725
0.047125
0.047
0.046875
0.04675
0.046625
0.0465
0.046375
0.04625
0.046125
0.046
0.045875
0.04575
0.045625
0.0455
0.045375
0.04525
0.045125
0.045
0.044875
0.04475
0.044625
0.0445
0.044375
0.04425
0.044125
0.044
0.043875
0.04375
0.043625
0.0435
0.043375
0.04325
0.043125
0.043
0.042875
0.04275
0.042625
0.0425
0.042375
0.04225
0.042125
0.042
0.041875
0.04175
0.041625
0.0415
0.041375
0.04125
0.041125
0.041
0.040875
0.04075
0.040625
0.0405
0.040375
0.04025
0.040125
0.04
0.039875
0.03975
0.039625
0.0395
0.039375
0.03925
0.039125
0.039
0.038875
0.03875
0.038625
0.0385
0.038375
0.03825
0.038125
0.038
0.037875
0.03775
0.037625
0.0375
0.037375
0.03725
0.037125
0.037
0.036875
0.03675
0.036625
0.0365
0.036375
0.03625
0.036125
0.036
0.035875
0.03575
0.035625
0.0355
0.035375
0.03525
0.035125
0.035
0.034875
0.03475
0.034625
0.0345
0.034375
0.03425
0.034125
0.034
0.033875
0.03375
0.033625
0.0335
0.033375
0.03325
0.033125
0.033
0.032875
0.03275
0.032625
0.0325
0.032375
0.03225
0.032125
0.032
0.031875
0.03175
0.031625
0.0315
0.031375
0.03125
0.031125
0.031
0.030875
0.03075
0.030625
0.0305
0.030375
0.03025
0.030125
0.03
0.029875
0.02975
0.029625
0.0295
0.029375
0.02925
0.029125
0.029
0.028875
0.02875
0.028625
0.0285
0.028375
0.02825
0.028125
0.028
0.027875
0.02775
0.027625
0.0275
0.027375
0.02725
0.027125
0.027
0.026875
0.02675
0.026625
0.0265
0.026375
0.02625
0.026125
0.026
0.025875
0.02575
0.025625
0.0255
0.025375
0.02525
0.025125
0.025
0.024875
0.02475
0.024625
0.0245
0.024375
0.02425
0.024125
0.024
0.023875
0.02375
0.023625
0.0235
0.023375
0.02325
0.023125
0.023
0.022875
0.02275
0.022625
0.0225
0.022375
0.02225
0.022125
0.022
0.021875
0.02175
0.021625
0.0215
0.021375
0.02125
0.021125
0.021
0.020875
0.02075
0.020625
0.0205
0.020375
0.02025
0.020125
0.02
0.019875
0.01975
0.019625
0.0195
0.019375
0.01925
0.019125
0.019
0.018875
0.01875
0.018625
0.0185
0.018375
0.01825
0.018125
0.018
0.017875
0.01775
0.017625
0.0175
0.017375
0.01725
0.017125
0.017
0.016875
0.01675
0.016625
0.0165
0.016375
0.01625
0.016125
0.016
0.015875
0.01575
0.015625
0.0155
0.015375
0.01525
0.015125
0.015
0.014875
0.01475
0.014625
0.0145
0.014375
0.01425
0.014125
0.014
0.013875
0.01375
0.013625
0.0135
0.013375
0.01325
0.013125
0.013
0.012875
0.01275
0.012625
0.0125
0.012375
0.01225
0.012125
0.012
0.011875
0.01175
0.011625
0.0115
0.011375
0.01125
0.011125
0.011
0.010875
0.01075
0.010625
0.0105
0.010375
0.01025
0.010125
0.01
0.009875
0.00975
0.009625
0.0095
0.009375
0.00925
0.009125
0.009
0.008875
0.00875
0.008625
0.0085
0.008375
0.00825
0.008125
0.008
0.007875
0.00775
0.007625
0.0075
0.007375
0.00725
0.007125
0.007
0.006875
0.00675
0.006625
0.0065
0.006375
0.00625
0.006125
0.006
0.005875
0.00575
0.005625
0.0055
0.005375
0.00525
0.005125
0.005
0.004875
0.00475
0.004625
0.0045
0.004375
0.00425
0.004125
0.004
0.003875
0.00375
0.003625
0.0035
0.003375
0.00325
0.003125
0.003
0.002875
0.00275
0.002625
0.0025
0.002375
0.00225
0.002125
0.002
0.001875
0.00175
0.001625
0.0015
0.001375
0.00125
0.001125
0.001
0.000875
0.00075
0.000625
0.0005
0.000375
0.00025
0.000125
