0.0
0.00125
0.0025
0.00375
0.005
0.00625
0.0075
0.00875
0.01
0.01125
0.0125
0.01375
0.015
0.01625
0.0175
0.01875
0.02
0.02125
0.0225
0.02375
0.025
0.02625
0.0275
0.02875
0.03
0.03125
0.0325
0.03375
0.035
0.03625
0.0375
0.03875
0.04
0.04125
0.0425
0.04375
0.045
0.04625
0.0475
0.04875
0.05
0.05125
0.0525
0.05375
0.055
0.05625
0.0575
0.05875
0.06
0.06125
0.0625
0.06375
0.065
0.06625
0.0675
0.06875
0.07
0.07125
0.0725
0.07375
0.075
0.07625
0.0775
0.07875
0.08
0.08125
0.0825
0.08375
0.085
0.08625
0.0875
0.08875
0.09
0.09125
0.0925
0.09375
0.095
0.09625
0.0975
0.09875
0.1
0.10125
0.1025
0.10375
0.105
0.10625
0.1075
0.10875
0.11
0.11125
0.1125
0.11375
0.115
0.11625
0.1175
0.11875
0.12
0.12125
0.1225
0.12375
0.125
0.12625
0.1275
0.12875
0.13
0.13125
0.1325
0.13375
0.135
0.13625
0.1375
0.13875
0.14
0.14125
0.1425
0.14375
0.145
0.14625
0.1475
0.14875
0.15
0.15125
0.1525
0.15375
0.155
0.15625
0.1575
0.15875
0.16
0.16125
0.1625
0.16375
0.165
0.16625
0.1675
0.16875
0.17
0.17125
0.1725
0.17375
0.175
0.17625
0.1775
0.17875
0.18
0.18125
0.1825
0.18375
0.185
0.18625
0.1875
0.18875
0.19
0.19125
0.1925
0.19375
0.195
0.19625
0.1975
0.19875
0.2
0.20125
0.2025
0.20375
0.205
0.20625
0.2075
0.20875
0.21
0.21125
0.2125
0.21375
0.215
0.21625
0.2175
0.21875
0.22
0.22125
0.2225
0.22375
0.225
0.22625
0.2275
0.22875
0.23
0.23125
0.2325
0.23375
0.235
0.23625
0.2375
0.23875
0.24
0.24125
0.2425
0.24375
0.245
0.24625
0.2475
0.24875
0.25
0.25125
0.2525
0.25375
0.255
0.25625
0.2575
0.25875
0.26
0.26125
0.2625
0.26375
0.265
0.26625
0.2675
0.26875
0.27
0.27125
0.2725
0.27375
0.275
0.27625
0.2775
0.27875
0.28
0.28125
0.2825
0.28375
0.285
0.28625
0.2875
0.28875
0.29
0.29125
0.2925
0.29375
0.295
0.29625
0.2975
0.29875
0.3
0.30125
0.3025
0.30375
0.305
0.30625
0.3075
0.30875
0.31
0.31125
0.3125
0.31375
0.315
0.31625
0.3175
0.31875
0.32
0.32125
0.3225
0.32375
0.325
0.32625
0.3275
0.32875
0.33
0.33125
0.3325
0.33375
0.335
0.33625
0.3375
0.33875
0.34
0.34125
0.3425
0.34375
0.345
0.34625
0.3475
0.34875
0.35
0.35125
0.3525
0.35375
0.355
0.35625
0.3575
0.35875
0.36
0.36125
0.3625
0.36375
0.365
0.36625
0.3675
0.36875
0.37
0.37125
0.3725
0.37375
0.375
0.37625
0.3775
0.37875
0.38
0.38125
0.3825
0.38375
0.385
0.38625
0.3875
0.38875
0.39
0.39125
0.3925
0.39375
0.395
0.39625
0.3975
0.39875
0.4
0.40125
0.4025
0.40375
0.405
0.40625
0.4075
0.40875
0.41
0.41125
0.4125
0.41375
0.415
0.41625
0.4175
0.41875
0.42
0.42125
0.4225
0.42375
0.425
0.42625
0.4275
0.42875
0.43
0.43125
0.4325
0.43375
0.435
0.43625
0.4375
0.43875
0.44
0.44125
0.4425
0.44375
0.445
0.44625
0.4475
0.44875
0.45
0.45125
0.4525
0.45375
0.455
0.45625
0.4575
0.45875
0.46
0.46125
0.4625
0.46375
0.465
0.46625
0.4675
0.46875
0.47
0.47125
0.4725
0.47375
0.475
0.47625
0.4775
0.47875
0.48
0.48125
0.4825
0.48375
0.485
0.48625
0.4875
0.48875
0.49
0.49125
0.4925
0.49375
0.495
0.49625
0.4975
0.49875
0.5
0.50125
0.5025
0.50375
0.505
0.50625
0.5075
0.50875
0.51
0.51125
0.5125
0.51375
0.515
0.51625
0.5175
0.51875
0.52
0.52125
0.5225
0.52375
0.525
0.52625
0.5275
0.52875
0.53
0.53125
0.5325
0.53375
0.535
0.53625
0.5375
0.53875
0.54
0.54125
0.5425
0.54375
0.545
0.54625
0.5475
0.54875
0.55
0.55125
0.5525
0.55375
0.555
0.55625
0.5575
0.55875
0.56
0.56125
0.5625
0.56375
0.565
0.56625
0.5675
0.56875
0.57
0.57125
0.5725
0.57375
0.575
0.57625
0.5775
0.57875
0.58
0.58125
0.5825
0.58375
0.585
0.58625
0.5875
0.58875
0.59
0.59125
0.5925
0.59375
0.595
0.59625
0.5975
0.59875
0.6
0.60125
0.6025
0.60375
0.605
0.60625
0.6075
0.60875
0.61
0.61125
0.6125
0.61375
0.615
0.61625
0.6175
0.61875
0.62
0.62125
0.6225
0.62375
0.625
0.62625
0.6275
0.62875
0.63
0.63125
0.6325
0.63375
0.635
0.63625
0.6375
0.63875
0.64
0.64125
0.6425
0.64375
0.645
0.64625
0.6475
0.64875
0.65
0.65125
0.6525
0.65375
0.655
0.65625
0.6575
0.65875
0.66
0.66125
0.6625
0.66375
0.665
0.66625
0.6675
0.66875
0.67
0.67125
0.6725
0.67375
0.675
0.67625
0.6775
0.67875
0.68
0.68125
0.6825
0.68375
0.685
0.68625
0.6875
0.68875
0.69
0.69125
0.6925
0.69375
0.695
0.69625
0.6975
0.69875
0.7
0.70125
0.7025
0.70375
0.705
0.70625
0.7075
0.70875
0.71
0.71125
0.7125
0.71375
0.715
0.71625
0.7175
0.71875
0.72
0.72125
0.7225
0.72375
0.725
0.72625
0.7275
0.72875
0.73
0.73125
0.7325
0.73375
0.735
0.73625
0.7375
0.73875
0.74
0.74125
0.7425
0.74375
0.745
0.74625
0.7475
0.74875
0.75
0.75125
0.7525
0.75375
0.755
0.75625
0.7575
0.75875
0.76
0.76125
0.7625
0.76375
0.765
0.76625
0.7675
0.76875
0.77
0.77125
0.7725
0.77375
0.775
0.77625
0.7775
0.77875
0.78
0.78125
0.7825
0.78375
0.785
0.78625
0.7875
0.78875
0.79
0.79125
0.7925
0.79375
0.795
0.79625
0.7975
0.79875
0.0
0.8003125
0.800625
0.8009375
0.80125
0.8015625
0.801875
0.8021875
0.8025
0.8028125
0.803125
0.8034375
0.80375
0.8040625
0.804375
0.8046875
0.805
0.8053125
0.805625
0.8059375
0.80625
0.8065625
0.806875
0.8071875
0.8075
0.8078125
0.808125
0.8084375
0.80875
0.8090625
0.809375
0.8096875
0.81
0.8103125
0.810625
0.8109375
0.81125
0.8115625
0.811875
0.8121875
0.8125
0.8128125
0.813125
0.8134375
0.81375
0.8140625
0.814375
0.8146875
0.815
0.8153125
0.815625
0.8159375
0.81625
0.8165625
0.816875
0.8171875
0.8175
0.8178125
0.818125
0.8184375
0.81875
0.8190625
0.819375
0.8196875
0.82
0.8203125
0.820625
0.8209375
0.82125
0.8215625
0.821875
0.8221875
0.8225
0.8228125
0.823125
0.8234375
0.82375
0.8240625
0.824375
0.8246875
0.825
0.8253125
0.825625
0.8259375
0.82625
0.8265625
0.826875
0.8271875
0.8275
0.8278125
0.828125
0.8284375
0.82875
0.8290625
0.829375
0.8296875
0.83
0.8303125
0.830625
0.8309375
0.83125
0.8315625
0.831875
0.8321875
0.8325
0.8328125
0.833125
0.8334375
0.83375
0.8340625
0.834375
0.8346875
0.835
0.8353125
0.835625
0.8359375
0.83625
0.8365625
0.836875
0.8371875
0.8375
0.8378125
0.838125
0.8384375
0.83875
0.8390625
0.839375
0.8396875
0.84
0.8403125
0.840625
0.8409375
0.84125
0.8415625
0.841875
0.8421875
0.8425
0.8428125
0.843125
0.8434375
0.84375
0.8440625
0.844375
0.8446875
0.845
0.8453125
0.845625
0.8459375
0.84625
0.8465625
0.846875
0.8471875
0.8475
0.8478125
0.848125
0.8484375
0.84875
0.8490625
0.849375
0.8496875
0.85
0.8503125
0.850625
0.8509375
0.85125
0.8515625
0.851875
0.8521875
0.8525
0.8528125
0.853125
0.8534375
0.85375
0.8540625
0.854375
0.8546875
0.855
0.8553125
0.855625
0.8559375
0.85625
0.8565625
0.856875
0.8571875
0.8575
0.8578125
0.858125
0.8584375
0.85875
0.8590625
0.859375
0.8596875
0.86
0.8603125
0.860625
0.8609375
0.86125
0.8615625
0.861875
0.8621875
0.8625
0.8628125
0.863125
0.8634375
0.86375
0.8640625
0.864375
0.8646875
0.865
0.8653125
0.865625
0.8659375
0.86625
0.8665625
0.866875
0.8671875
0.8675
0.8678125
0.868125
0.8684375
0.86875
0.8690625
0.869375
0.8696875
0.87
0.8703125
0.870625
0.8709375
0.87125
0.8715625
0.871875
0.8721875
0.8725
0.8728125
0.873125
0.8734375
0.87375
0.8740625
0.874375
0.8746875
0.875
0.8753125
0.875625
0.8759375
0.87625
0.8765625
0.876875
0.8771875
0.8775
0.8778125
0.878125
0.8784375
0.87875
0.8790625
0.879375
0.8796875
0.88
0.8803125
0.880625
0.8809375
0.88125
0.8815625
0.881875
0.8821875
0.8825
0.8828125
0.883125
0.8834375
0.88375
0.8840625
0.884375
0.8846875
0.885
0.8853125
0.885625
0.8859375
0.88625
0.8865625
0.886875
0.8871875
0.8875
0.8878125
0.888125
0.8884375
0.88875
0.8890625
0.889375
0.8896875
0.89
0.8903125
0.890625
0.8909375
0.89125
0.8915625
0.891875
0.8921875
0.8925
0.8928125
0.893125
0.8934375
0.89375
0.8940625
0.894375
0.8946875
0.895
0.8953125
0.895625
0.8959375
0.89625
0.8965625
0.896875
0.8971875
0.8975
0.8978125
0.898125
0.8984375
0.89875
0.8990625
0.899375
0.8996875
0.9
0.9003125
0.900625
0.9009375
0.90125
0.9015625
0.901875
0.9021875
0.9025
0.9028125
0.903125
0.9034375
0.90375
0.9040625
0.904375
0.9046875
0.905
0.9053125
0.905625
0.9059375
0.90625
0.9065625
0.906875
0.9071875
0.9075
0.9078125
0.908125
0.9084375
0.90875
0.9090625
0.909375
0.9096875
0.91
0.9103125
0.910625
0.9109375
0.91125
0.9115625
0.911875
0.9121875
0.9125
0.9128125
0.913125
0.9134375
0.91375
0.9140625
0.914375
0.9146875
0.915
0.9153125
0.915625
0.9159375
0.91625
0.9165625
0.916875
0.9171875
0.9175
0.9178125
0.918125
0.9184375
0.91875
0.9190625
0.919375
0.9196875
0.92
0.9203125
0.920625
0.9209375
0.92125
0.9215625
0.921875
0.9221875
0.9225
0.9228125
0.923125
0.9234375
0.92375
0.9240625
0.924375
0.9246875
0.925
0.9253125
0.925625
0.9259375
0.92625
0.9265625
0.926875
0.9271875
0.9275
0.9278125
0.928125
0.9284375
0.92875
0.9290625
0.929375
0.9296875
0.93
0.9303125
0.930625
0.9309375
0.93125
0.9315625
0.931875
0.9321875
0.9325
0.9328125
0.933125
0.9334375
0.93375
0.9340625
0.934375
0.9346875
0.935
0.9353125
0.935625
0.9359375
0.93625
0.9365625
0.936875
0.9371875
0.9375
0.9378125
0.938125
0.9384375
0.93875
0.9390625
0.939375
0.9396875
0.94
0.9403125
0.940625
0.9409375
0.94125
0.9415625
0.941875
0.9421875
0.9425
0.9428125
0.943125
0.9434375
0.94375
0.9440625
0.944375
0.9446875
0.945
0.9453125
0.945625
0.9459375
0.94625
0.9465625
0.946875
0.9471875
0.9475
0.9478125
0.948125
0.9484375
0.94875
0.9490625
0.949375
0.9496875
0.95
0.9503125
0.950625
0.9509375
0.95125
0.9515625
0.951875
0.9521875
0.9525
0.9528125
0.953125
0.9534375
0.95375
0.9540625
0.954375
0.9546875
0.955
0.9553125
0.955625
0.9559375
0.95625
0.9565625
0.956875
0.9571875
0.9575
0.9578125
0.958125
0.9584375
0.95875
0.9590625
0.959375
0.9596875
0.96
0.9603125
0.960625
0.9609375
0.96125
0.9615625
0.961875
0.9621875
0.9625
0.9628125
0.963125
0.9634375
0.96375
0.9640625
0.964375
0.9646875
0.965
0.9653125
0.965625
0.9659375
0.96625
0.9665625
0.966875
0.9671875
0.9675
0.9678125
0.968125
0.9684375
0.96875
0.9690625
0.969375
0.9696875
0.97
0.9703125
0.970625
0.9709375
0.97125
0.9715625
0.971875
0.9721875
0.9725
0.9728125
0.973125
0.9734375
0.97375
0.9740625
0.974375
0.9746875
0.975
0.9753125
0.975625
0.9759375
0.97625
0.9765625
0.976875
0.9771875
0.9775
0.9778125
0.978125
0.9784375
0.97875
0.9790625
0.979375
0.9796875
0.98
0.9803125
0.980625
0.9809375
0.98125
0.9815625
0.981875
0.9821875
0.9825
0.9828125
0.983125
0.9834375
0.98375
0.9840625
0.984375
0.9846875
0.985
0.9853125
0.985625
0.9859375
0.98625
0.9865625
0.986875
0.9871875
0.9875
0.9878125
0.988125
0.9884375
0.98875
0.9890625
0.989375
0.9896875
0.99
0.9903125
0.990625
0.9909375
0.99125
0.9915625
0.991875
0.9921875
0.9925
0.9928125
0.993125
0.9934375
0.99375
0.9940625
0.994375
0.9946875
0.995
0.9953125
0.995625
0.9959375
0.99625
0.9965625
0.996875
0.9971875
0.9975
0.9978125
0.998125
0.9984375
0.99875
0.9990625
0.999375
0.9996875
0.0
0.999955357143
0.999910714286
0.999866071429
0.999821428571
0.999776785714
0.999732142857
0.9996875
0.999642857143
0.999598214286
0.999553571429
0.999508928571
0.999464285714
0.999419642857
0.999375
0.999330357143
0.999285714286
0.999241071429
0.999196428571
0.999151785714
0.999107142857
0.9990625
0.999017857143
0.998973214286
0.998928571429
0.998883928571
0.998839285714
0.998794642857
0.99875
0.998705357143
0.998660714286
0.998616071429
0.998571428571
0.998526785714
0.998482142857
0.9984375
0.998392857143
0.998348214286
0.998303571429
0.998258928571
0.998214285714
0.998169642857
0.998125
0.998080357143
0.998035714286
0.997991071429
0.997946428571
0.997901785714
0.997857142857
0.9978125
0.997767857143
0.997723214286
0.997678571429
0.997633928571
0.997589285714
0.997544642857
0.9975
0.997455357143
0.997410714286
0.997366071429
0.997321428571
0.997276785714
0.997232142857
0.9971875
0.997142857143
0.997098214286
0.997053571429
0.997008928571
0.996964285714
0.996919642857
0.996875
0.996830357143
0.996785714286
0.996741071429
0.996696428571
0.996651785714
0.996607142857
0.9965625
0.996517857143
0.996473214286
0.996428571429
0.996383928571
0.996339285714
0.996294642857
0.99625
0.996205357143
0.996160714286
0.996116071429
0.996071428571
0.996026785714
0.995982142857
0.9959375
0.995892857143
0.995848214286
0.995803571429
0.995758928571
0.995714285714
0.995669642857
0.995625
0.995580357143
0.995535714286
0.995491071429
0.995446428571
0.995401785714
0.995357142857
0.9953125
0.995267857143
0.995223214286
0.995178571429
0.995133928571
0.995089285714
0.995044642857
0.995
0.994955357143
0.994910714286
0.994866071429
0.994821428571
0.994776785714
0.994732142857
0.9946875
0.994642857143
0.994598214286
0.994553571429
0.994508928571
0.994464285714
0.994419642857
0.994375
0.994330357143
0.994285714286
0.994241071429
0.994196428571
0.994151785714
0.994107142857
0.9940625
0.994017857143
0.993973214286
0.993928571429
0.993883928571
0.993839285714
0.993794642857
0.99375
0.993705357143
0.993660714286
0.993616071429
0.993571428571
0.993526785714
0.993482142857
0.9934375
0.993392857143
0.993348214286
0.993303571429
0.993258928571
0.993214285714
0.993169642857
0.993125
0.993080357143
0.993035714286
0.992991071429
0.992946428571
0.992901785714
0.992857142857
0.9928125
0.992767857143
0.992723214286
0.992678571429
0.992633928571
0.992589285714
0.992544642857
0.9925
0.992455357143
0.992410714286
0.992366071429
0.992321428571
0.992276785714
0.992232142857
0.9921875
0.992142857143
0.992098214286
0.992053571429
0.992008928571
0.991964285714
0.991919642857
0.991875
0.991830357143
0.991785714286
0.991741071429
0.991696428571
0.991651785714
0.991607142857
0.9915625
0.991517857143
0.991473214286
0.991428571429
0.991383928571
0.991339285714
0.991294642857
0.99125
0.991205357143
0.991160714286
0.991116071429
0.991071428571
0.991026785714
0.990982142857
0.9909375
0.990892857143
0.990848214286
0.990803571429
0.990758928571
0.990714285714
0.990669642857
0.990625
0.990580357143
0.990535714286
0.990491071429
0.990446428571
0.990401785714
0.990357142857
0.9903125
0.990267857143
0.990223214286
0.990178571429
0.990133928571
0.990089285714
0.990044642857
0.99
0.989955357143
0.989910714286
0.989866071429
0.989821428571
0.989776785714
0.989732142857
0.9896875
0.989642857143
0.989598214286
0.989553571429
0.989508928571
0.989464285714
0.989419642857
0.989375
0.989330357143
0.989285714286
0.989241071429
0.989196428571
0.989151785714
0.989107142857
0.9890625
0.989017857143
0.988973214286
0.988928571429
0.988883928571
0.988839285714
0.988794642857
0.98875
0.988705357143
0.988660714286
0.988616071429
0.988571428571
0.988526785714
0.988482142857
0.9884375
0.988392857143
0.988348214286
0.988303571429
0.988258928571
0.988214285714
0.988169642857
0.988125
0.988080357143
0.988035714286
0.987991071429
0.987946428571
0.987901785714
0.987857142857
0.9878125
0.987767857143
0.987723214286
0.987678571429
0.987633928571
0.987589285714
0.987544642857
0.9875
0.987455357143
0.987410714286
0.987366071429
0.987321428571
0.987276785714
0.987232142857
0.9871875
0.987142857143
0.987098214286
0.987053571429
0.987008928571
0.986964285714
0.986919642857
0.986875
0.986830357143
0.986785714286
0.986741071429
0.986696428571
0.986651785714
0.986607142857
0.9865625
0.986517857143
0.986473214286
0.986428571429
0.986383928571
0.986339285714
0.986294642857
0.98625
0.986205357143
0.986160714286
0.986116071429
0.986071428571
0.986026785714
0.985982142857
0.9859375
0.985892857143
0.985848214286
0.985803571429
0.985758928571
0.985714285714
0.985669642857
0.985625
0.985580357143
0.985535714286
0.985491071429
0.985446428571
0.985401785714
0.985357142857
0.9853125
0.985267857143
0.985223214286
0.985178571429
0.985133928571
0.985089285714
0.985044642857
0.985
0.984955357143
0.984910714286
0.984866071429
0.984821428571
0.984776785714
0.984732142857
0.9846875
0.984642857143
0.984598214286
0.984553571429
0.984508928571
0.984464285714
0.984419642857
0.984375
0.984330357143
0.984285714286
0.984241071429
0.984196428571
0.984151785714
0.984107142857
0.9840625
0.984017857143
0.983973214286
0.983928571429
0.983883928571
0.983839285714
0.983794642857
0.98375
0.983705357143
0.983660714286
0.983616071429
0.983571428571
0.983526785714
0.983482142857
0.9834375
0.983392857143
0.983348214286
0.983303571429
0.983258928571
0.983214285714
0.983169642857
0.983125
0.983080357143
0.983035714286
0.982991071429
0.982946428571
0.982901785714
0.982857142857
0.9828125
0.982767857143
0.982723214286
0.982678571429
0.982633928571
0.982589285714
0.982544642857
0.9825
0.982455357143
0.982410714286
0.982366071429
0.982321428571
0.982276785714
0.982232142857
0.9821875
0.982142857143
0.982098214286
0.982053571429
0.982008928571
0.981964285714
0.981919642857
0.981875
0.981830357143
0.981785714286
0.981741071429
0.981696428571
0.981651785714
0.981607142857
0.9815625
0.981517857143
0.981473214286
0.981428571429
0.981383928571
0.981339285714
0.981294642857
0.98125
0.981205357143
0.981160714286
0.981116071429
0.981071428571
0.981026785714
0.980982142857
0.9809375
0.980892857143
0.980848214286
0.980803571429
0.980758928571
0.980714285714
0.980669642857
0.980625
0.980580357143
0.980535714286
0.980491071429
0.980446428571
0.980401785714
0.980357142857
0.9803125
0.980267857143
0.980223214286
0.980178571429
0.980133928571
0.980089285714
0.980044642857
0.98
0.979955357143
0.979910714286
0.979866071429
0.979821428571
0.979776785714
0.979732142857
0.9796875
0.979642857143
0.979598214286
0.979553571429
0.979508928571
0.979464285714
0.979419642857
0.979375
0.979330357143
0.979285714286
0.979241071429
0.979196428571
0.979151785714
0.979107142857
0.9790625
0.979017857143
0.978973214286
0.978928571429
0.978883928571
0.978839285714
0.978794642857
0.97875
0.978705357143
0.978660714286
0.978616071429
0.978571428571
0.978526785714
0.978482142857
0.9784375
0.978392857143
0.978348214286
0.978303571429
0.978258928571
0.978214285714
0.978169642857
0.978125
0.978080357143
0.978035714286
0.977991071429
0.977946428571
0.977901785714
0.977857142857
0.9778125
0.977767857143
0.977723214286
0.977678571429
0.977633928571
0.977589285714
0.977544642857
0.9775
0.977455357143
0.977410714286
0.977366071429
0.977321428571
0.977276785714
0.977232142857
0.9771875
0.977142857143
0.977098214286
0.977053571429
0.977008928571
0.976964285714
0.976919642857
0.976875
0.976830357143
0.976785714286
0.976741071429
0.976696428571
0.976651785714
0.976607142857
0.9765625
0.976517857143
0.976473214286
0.976428571429
0.976383928571
0.976339285714
0.976294642857
0.97625
0.976205357143
0.976160714286
0.976116071429
0.976071428571
0.976026785714
0.975982142857
0.9759375
0.975892857143
0.975848214286
0.975803571429
0.975758928571
0.975714285714
0.975669642857
0.975625
0.975580357143
0.975535714286
0.975491071429
0.975446428571
0.975401785714
0.975357142857
0.9753125
0.975267857143
0.975223214286
0.975178571429
0.975133928571
0.975089285714
0.975044642857
0.975
0.974955357143
0.974910714286
0.974866071429
0.974821428571
0.974776785714
0.974732142857
0.9746875
0.974642857143
0.974598214286
0.974553571429
0.974508928571
0.974464285714
0.974419642857
0.974375
0.974330357143
0.974285714286
0.974241071429
0.974196428571
0.974151785714
0.974107142857
0.9740625
0.974017857143
0.973973214286
0.973928571429
0.973883928571
0.973839285714
0.973794642857
0.97375
0.973705357143
0.973660714286
0.973616071429
0.973571428571
0.973526785714
0.973482142857
0.9734375
0.973392857143
0.973348214286
0.973303571429
0.973258928571
0.973214285714
0.973169642857
0.973125
0.973080357143
0.973035714286
0.972991071429
0.972946428571
0.972901785714
0.972857142857
0.9728125
0.972767857143
0.972723214286
0.972678571429
0.972633928571
0.972589285714
0.972544642857
0.9725
0.972455357143
0.972410714286
0.972366071429
0.972321428571
0.972276785714
0.972232142857
0.9721875
0.972142857143
0.972098214286
0.972053571429
0.972008928571
0.971964285714
0.971919642857
0.971875
0.971830357143
0.971785714286
0.971741071429
0.971696428571
0.971651785714
0.971607142857
0.9715625
0.971517857143
0.971473214286
0.971428571429
0.971383928571
0.971339285714
0.971294642857
0.97125
0.971205357143
0.971160714286
0.971116071429
0.971071428571
0.971026785714
0.970982142857
0.9709375
0.970892857143
0.970848214286
0.970803571429
0.970758928571
0.970714285714
0.970669642857
0.970625
0.970580357143
0.970535714286
0.970491071429
0.970446428571
0.970401785714
0.970357142857
0.9703125
0.970267857143
0.970223214286
0.970178571429
0.970133928571
0.970089285714
0.970044642857
0.97
0.969955357143
0.969910714286
0.969866071429
0.969821428571
0.969776785714
0.969732142857
0.9696875
0.969642857143
0.969598214286
0.969553571429
0.969508928571
0.969464285714
0.969419642857
0.969375
0.969330357143
0.969285714286
0.969241071429
0.969196428571
0.969151785714
0.969107142857
0.9690625
0.969017857143
0.968973214286
0.968928571429
0.968883928571
0.968839285714
0.968794642857
0.96875
0.968705357143
0.968660714286
0.968616071429
0.968571428571
0.968526785714
0.968482142857
0.9684375
0.968392857143
0.968348214286
0.968303571429
0.968258928571
0.968214285714
0.968169642857
0.968125
0.968080357143
0.968035714286
0.967991071429
0.967946428571
0.967901785714
0.967857142857
0.9678125
0.967767857143
0.967723214286
0.967678571429
0.967633928571
0.967589285714
0.967544642857
0.9675
0.967455357143
0.967410714286
0.967366071429
0.967321428571
0.967276785714
0.967232142857
0.9671875
0.967142857143
0.967098214286
0.967053571429
0.967008928571
0.966964285714
0.966919642857
0.966875
0.966830357143
0.966785714286
0.966741071429
0.966696428571
0.966651785714
0.966607142857
0.9665625
0.966517857143
0.966473214286
0.966428571429
0.966383928571
0.966339285714
0.966294642857
0.96625
0.966205357143
0.966160714286
0.966116071429
0.966071428571
0.966026785714
0.965982142857
0.9659375
0.965892857143
0.965848214286
0.965803571429
0.965758928571
0.965714285714
0.965669642857
0.965625
0.965580357143
0.965535714286
0.965491071429
0.965446428571
0.965401785714
0.965357142857
0.9653125
0.965267857143
0.965223214286
0.965178571429
0.965133928571
0.965089285714
0.965044642857
0.965
0.964955357143
0.964910714286
0.964866071429
0.964821428571
0.964776785714
0.964732142857
0.9646875
0.964642857143
0.964598214286
0.964553571429
0.964508928571
0.964464285714
0.964419642857
0.964375
0.964330357143
0.964285714286
0.964241071429
0.964196428571
0.964151785714
0.964107142857
0.9640625
0.964017857143
0.963973214286
0.963928571429
0.963883928571
0.963839285714
0.963794642857
0.96375
0.963705357143
0.963660714286
0.963616071429
0.963571428571
0.963526785714
0.963482142857
0.9634375
0.963392857143
0.963348214286
0.963303571429
0.963258928571
0.963214285714
0.963169642857
0.963125
0.963080357143
0.963035714286
0.962991071429
0.962946428571
0.962901785714
0.962857142857
0.9628125
0.962767857143
0.962723214286
0.962678571429
0.962633928571
0.962589285714
0.962544642857
0.9625
0.962455357143
0.962410714286
0.962366071429
0.962321428571
0.962276785714
0.962232142857
0.9621875
0.962142857143
0.962098214286
0.962053571429
0.962008928571
0.961964285714
0.961919642857
0.961875
0.961830357143
0.961785714286
0.961741071429
0.961696428571
0.961651785714
0.961607142857
0.9615625
0.961517857143
0.961473214286
0.961428571429
0.961383928571
0.961339285714
0.961294642857
0.96125
0.961205357143
0.961160714286
0.961116071429
0.961071428571
0.961026785714
0.960982142857
0.9609375
0.960892857143
0.960848214286
0.960803571429
0.960758928571
0.960714285714
0.960669642857
0.960625
0.960580357143
0.960535714286
0.960491071429
0.960446428571
0.960401785714
0.960357142857
0.9603125
0.960267857143
0.960223214286
0.960178571429
0.960133928571
0.960089285714
0.960044642857
0.96
0.959955357143
0.959910714286
0.959866071429
0.959821428571
0.959776785714
0.959732142857
0.9596875
0.959642857143
0.959598214286
0.959553571429
0.959508928571
0.959464285714
0.959419642857
0.959375
0.959330357143
0.959285714286
0.959241071429
0.959196428571
0.959151785714
0.959107142857
0.9590625
0.959017857143
0.958973214286
0.958928571429
0.958883928571
0.958839285714
0.958794642857
0.95875
0.958705357143
0.958660714286
0.958616071429
0.958571428571
0.958526785714
0.958482142857
0.9584375
0.958392857143
0.958348214286
0.958303571429
0.958258928571
0.958214285714
0.958169642857
0.958125
0.958080357143
0.958035714286
0.957991071429
0.957946428571
0.957901785714
0.957857142857
0.9578125
0.957767857143
0.957723214286
0.957678571429
0.957633928571
0.957589285714
0.957544642857
0.9575
0.957455357143
0.957410714286
0.957366071429
0.957321428571
0.957276785714
0.957232142857
0.9571875
0.957142857143
0.957098214286
0.957053571429
0.957008928571
0.956964285714
0.956919642857
0.956875
0.956830357143
0.956785714286
0.956741071429
0.956696428571
0.956651785714
0.956607142857
0.9565625
0.956517857143
0.956473214286
0.956428571429
0.956383928571
0.956339285714
0.956294642857
0.95625
0.956205357143
0.956160714286
0.956116071429
0.956071428571
0.956026785714
0.955982142857
0.9559375
0.955892857143
0.955848214286
0.955803571429
0.955758928571
0.955714285714
0.955669642857
0.955625
0.955580357143
0.955535714286
0.955491071429
0.955446428571
0.955401785714
0.955357142857
0.9553125
0.955267857143
0.955223214286
0.955178571429
0.955133928571
0.955089285714
0.955044642857
0.955
0.954955357143
0.954910714286
0.954866071429
0.954821428571
0.954776785714
0.954732142857
0.9546875
0.954642857143
0.954598214286
0.954553571429
0.954508928571
0.954464285714
0.954419642857
0.954375
0.954330357143
0.954285714286
0.954241071429
0.954196428571
0.954151785714
0.954107142857
0.9540625
0.954017857143
0.953973214286
0.953928571429
0.953883928571
0.953839285714
0.953794642857
0.95375
0.953705357143
0.953660714286
0.953616071429
0.953571428571
0.953526785714
0.953482142857
0.9534375
0.953392857143
0.953348214286
0.953303571429
0.953258928571
0.953214285714
0.953169642857
0.953125
0.953080357143
0.953035714286
0.952991071429
0.952946428571
0.952901785714
0.952857142857
0.9528125
0.952767857143
0.952723214286
0.952678571429
0.952633928571
0.952589285714
0.952544642857
0.9525
0.952455357143
0.952410714286
0.952366071429
0.952321428571
0.952276785714
0.952232142857
0.9521875
0.952142857143
0.952098214286
0.952053571429
0.952008928571
0.951964285714
0.951919642857
0.951875
0.951830357143
0.951785714286
0.951741071429
0.951696428571
0.951651785714
0.951607142857
0.9515625
0.951517857143
0.951473214286
0.951428571429
0.951383928571
0.951339285714
0.951294642857
0.95125
0.951205357143
0.951160714286
0.951116071429
0.951071428571
0.951026785714
0.950982142857
0.9509375
0.950892857143
0.950848214286
0.950803571429
0.950758928571
0.950714285714
0.950669642857
0.950625
0.950580357143
0.950535714286
0.950491071429
0.950446428571
0.950401785714
0.950357142857
0.9503125
0.950267857143
0.950223214286
0.950178571429
0.950133928571
0.950089285714
0.950044642857
0.95
0.949955357143
0.949910714286
0.949866071429
0.949821428571
0.949776785714
0.949732142857
0.9496875
0.949642857143
0.949598214286
0.949553571429
0.949508928571
0.949464285714
0.949419642857
0.949375
0.949330357143
0.949285714286
0.949241071429
0.949196428571
0.949151785714
0.949107142857
0.9490625
0.949017857143
0.948973214286
0.948928571429
0.948883928571
0.948839285714
0.948794642857
0.94875
0.948705357143
0.948660714286
0.948616071429
0.948571428571
0.948526785714
0.948482142857
0.9484375
0.948392857143
0.948348214286
0.948303571429
0.948258928571
0.948214285714
0.948169642857
0.948125
0.948080357143
0.948035714286
0.947991071429
0.947946428571
0.947901785714
0.947857142857
0.9478125
0.947767857143
0.947723214286
0.947678571429
0.947633928571
0.947589285714
0.947544642857
0.9475
0.947455357143
0.947410714286
0.947366071429
0.947321428571
0.947276785714
0.947232142857
0.9471875
0.947142857143
0.947098214286
0.947053571429
0.947008928571
0.946964285714
0.946919642857
0.946875
0.946830357143
0.946785714286
0.946741071429
0.946696428571
0.946651785714
0.946607142857
0.9465625
0.946517857143
0.946473214286
0.946428571429
0.946383928571
0.946339285714
0.946294642857
0.94625
0.946205357143
0.946160714286
0.946116071429
0.946071428571
0.946026785714
0.945982142857
0.9459375
0.945892857143
0.945848214286
0.945803571429
0.945758928571
0.945714285714
0.945669642857
0.945625
0.945580357143
0.945535714286
0.945491071429
0.945446428571
0.945401785714
0.945357142857
0.9453125
0.945267857143
0.945223214286
0.945178571429
0.945133928571
0.945089285714
0.945044642857
0.945
0.944955357143
0.944910714286
0.944866071429
0.944821428571
0.944776785714
0.944732142857
0.9446875
0.944642857143
0.944598214286
0.944553571429
0.944508928571
0.944464285714
0.944419642857
0.944375
0.944330357143
0.944285714286
0.944241071429
0.944196428571
0.944151785714
0.944107142857
0.9440625
0.944017857143
0.943973214286
0.943928571429
0.943883928571
0.943839285714
0.943794642857
0.94375
0.943705357143
0.943660714286
0.943616071429
0.943571428571
0.943526785714
0.943482142857
0.9434375
0.943392857143
0.943348214286
0.943303571429
0.943258928571
0.943214285714
0.943169642857
0.943125
0.943080357143
0.943035714286
0.942991071429
0.942946428571
0.942901785714
0.942857142857
0.9428125
0.942767857143
0.942723214286
0.942678571429
0.942633928571
0.942589285714
0.942544642857
0.9425
0.942455357143
0.942410714286
0.942366071429
0.942321428571
0.942276785714
0.942232142857
0.9421875
0.942142857143
0.942098214286
0.942053571429
0.942008928571
0.941964285714
0.941919642857
0.941875
0.941830357143
0.941785714286
0.941741071429
0.941696428571
0.941651785714
0.941607142857
0.9415625
0.941517857143
0.941473214286
0.941428571429
0.941383928571
0.941339285714
0.941294642857
0.94125
0.941205357143
0.941160714286
0.941116071429
0.941071428571
0.941026785714
0.940982142857
0.9409375
0.940892857143
0.940848214286
0.940803571429
0.940758928571
0.940714285714
0.940669642857
0.940625
0.940580357143
0.940535714286
0.940491071429
0.940446428571
0.940401785714
0.940357142857
0.9403125
0.940267857143
0.940223214286
0.940178571429
0.940133928571
0.940089285714
0.940044642857
0.94
0.939955357143
0.939910714286
0.939866071429
0.939821428571
0.939776785714
0.939732142857
0.9396875
0.939642857143
0.939598214286
0.939553571429
0.939508928571
0.939464285714
0.939419642857
0.939375
0.939330357143
0.939285714286
0.939241071429
0.939196428571
0.939151785714
0.939107142857
0.9390625
0.939017857143
0.938973214286
0.938928571429
0.938883928571
0.938839285714
0.938794642857
0.93875
0.938705357143
0.938660714286
0.938616071429
0.938571428571
0.938526785714
0.938482142857
0.9384375
0.938392857143
0.938348214286
0.938303571429
0.938258928571
0.938214285714
0.938169642857
0.938125
0.938080357143
0.938035714286
0.937991071429
0.937946428571
0.937901785714
0.937857142857
0.9378125
0.937767857143
0.937723214286
0.937678571429
0.937633928571
0.937589285714
0.937544642857
0.9375
0.937455357143
0.937410714286
0.937366071429
0.937321428571
0.937276785714
0.937232142857
0.9371875
0.937142857143
0.937098214286
0.937053571429
0.937008928571
0.936964285714
0.936919642857
0.936875
0.936830357143
0.936785714286
0.936741071429
0.936696428571
0.936651785714
0.936607142857
0.9365625
0.936517857143
0.936473214286
0.936428571429
0.936383928571
0.936339285714
0.936294642857
0.93625
0.936205357143
0.936160714286
0.936116071429
0.936071428571
0.936026785714
0.935982142857
0.9359375
0.935892857143
0.935848214286
0.935803571429
0.935758928571
0.935714285714
0.935669642857
0.935625
0.935580357143
0.935535714286
0.935491071429
0.935446428571
0.935401785714
0.935357142857
0.9353125
0.935267857143
0.935223214286
0.935178571429
0.935133928571
0.935089285714
0.935044642857
0.935
0.934955357143
0.934910714286
0.934866071429
0.934821428571
0.934776785714
0.934732142857
0.9346875
0.934642857143
0.934598214286
0.934553571429
0.934508928571
0.934464285714
0.934419642857
0.934375
0.934330357143
0.934285714286
0.934241071429
0.934196428571
0.934151785714
0.934107142857
0.9340625
0.934017857143
0.933973214286
0.933928571429
0.933883928571
0.933839285714
0.933794642857
0.93375
0.933705357143
0.933660714286
0.933616071429
0.933571428571
0.933526785714
0.933482142857
0.9334375
0.933392857143
0.933348214286
0.933303571429
0.933258928571
0.933214285714
0.933169642857
0.933125
0.933080357143
0.933035714286
0.932991071429
0.932946428571
0.932901785714
0.932857142857
0.9328125
0.932767857143
0.932723214286
0.932678571429
0.932633928571
0.932589285714
0.932544642857
0.9325
0.932455357143
0.932410714286
0.932366071429
0.932321428571
0.932276785714
0.932232142857
0.9321875
0.932142857143
0.932098214286
0.932053571429
0.932008928571
0.931964285714
0.931919642857
0.931875
0.931830357143
0.931785714286
0.931741071429
0.931696428571
0.931651785714
0.931607142857
0.9315625
0.931517857143
0.931473214286
0.931428571429
0.931383928571
0.931339285714
0.931294642857
0.93125
0.931205357143
0.931160714286
0.931116071429
0.931071428571
0.931026785714
0.930982142857
0.9309375
0.930892857143
0.930848214286
0.930803571429
0.930758928571
0.930714285714
0.930669642857
0.930625
0.930580357143
0.930535714286
0.930491071429
0.930446428571
0.930401785714
0.930357142857
0.9303125
0.930267857143
0.930223214286
0.930178571429
0.930133928571
0.930089285714
0.930044642857
0.93
0.929955357143
0.929910714286
0.929866071429
0.929821428571
0.929776785714
0.929732142857
0.9296875
0.929642857143
0.929598214286
0.929553571429
0.929508928571
0.929464285714
0.929419642857
0.929375
0.929330357143
0.929285714286
0.929241071429
0.929196428571
0.929151785714
0.929107142857
0.9290625
0.929017857143
0.928973214286
0.928928571429
0.928883928571
0.928839285714
0.928794642857
0.92875
0.928705357143
0.928660714286
0.928616071429
0.928571428571
0.928526785714
0.928482142857
0.9284375
0.928392857143
0.928348214286
0.928303571429
0.928258928571
0.928214285714
0.928169642857
0.928125
0.928080357143
0.928035714286
0.927991071429
0.927946428571
0.927901785714
0.927857142857
0.9278125
0.927767857143
0.927723214286
0.927678571429
0.927633928571
0.927589285714
0.927544642857
0.9275
0.927455357143
0.927410714286
0.927366071429
0.927321428571
0.927276785714
0.927232142857
0.9271875
0.927142857143
0.927098214286
0.927053571429
0.927008928571
0.926964285714
0.926919642857
0.926875
0.926830357143
0.926785714286
0.926741071429
0.926696428571
0.926651785714
0.926607142857
0.9265625
0.926517857143
0.926473214286
0.926428571429
0.926383928571
0.926339285714
0.926294642857
0.92625
0.926205357143
0.926160714286
0.926116071429
0.926071428571
0.926026785714
0.925982142857
0.9259375
0.925892857143
0.925848214286
0.925803571429
0.925758928571
0.925714285714
0.925669642857
0.925625
0.925580357143
0.925535714286
0.925491071429
0.925446428571
0.925401785714
0.925357142857
0.9253125
0.925267857143
0.925223214286
0.925178571429
0.925133928571
0.925089285714
0.925044642857
0.925
0.924955357143
0.924910714286
0.924866071429
0.924821428571
0.924776785714
0.924732142857
0.9246875
0.924642857143
0.924598214286
0.924553571429
0.924508928571
0.924464285714
0.924419642857
0.924375
0.924330357143
0.924285714286
0.924241071429
0.924196428571
0.924151785714
0.924107142857
0.9240625
0.924017857143
0.923973214286
0.923928571429
0.923883928571
0.923839285714
0.923794642857
0.92375
0.923705357143
0.923660714286
0.923616071429
0.923571428571
0.923526785714
0.923482142857
0.9234375
0.923392857143
0.923348214286
0.923303571429
0.923258928571
0.923214285714
0.923169642857
0.923125
0.923080357143
0.923035714286
0.922991071429
0.922946428571
0.922901785714
0.922857142857
0.9228125
0.922767857143
0.922723214286
0.922678571429
0.922633928571
0.922589285714
0.922544642857
0.9225
0.922455357143
0.922410714286
0.922366071429
0.922321428571
0.922276785714
0.922232142857
0.9221875
0.922142857143
0.922098214286
0.922053571429
0.922008928571
0.921964285714
0.921919642857
0.921875
0.921830357143
0.921785714286
0.921741071429
0.921696428571
0.921651785714
0.921607142857
0.9215625
0.921517857143
0.921473214286
0.921428571429
0.921383928571
0.921339285714
0.921294642857
0.92125
0.921205357143
0.921160714286
0.921116071429
0.921071428571
0.921026785714
0.920982142857
0.9209375
0.920892857143
0.920848214286
0.920803571429
0.920758928571
0.920714285714
0.920669642857
0.920625
0.920580357143
0.920535714286
0.920491071429
0.920446428571
0.920401785714
0.920357142857
0.9203125
0.920267857143
0.920223214286
0.920178571429
0.920133928571
0.920089285714
0.920044642857
0.92
0.919955357143
0.919910714286
0.919866071429
0.919821428571
0.919776785714
0.919732142857
0.9196875
0.919642857143
0.919598214286
0.919553571429
0.919508928571
0.919464285714
0.919419642857
0.919375
0.919330357143
0.919285714286
0.919241071429
0.919196428571
0.919151785714
0.919107142857
0.9190625
0.919017857143
0.918973214286
0.918928571429
0.918883928571
0.918839285714
0.918794642857
0.91875
0.918705357143
0.918660714286
0.918616071429
0.918571428571
0.918526785714
0.918482142857
0.9184375
0.918392857143
0.918348214286
0.918303571429
0.918258928571
0.918214285714
0.918169642857
0.918125
0.918080357143
0.918035714286
0.917991071429
0.917946428571
0.917901785714
0.917857142857
0.9178125
0.917767857143
0.917723214286
0.917678571429
0.917633928571
0.917589285714
0.917544642857
0.9175
0.917455357143
0.917410714286
0.917366071429
0.917321428571
0.917276785714
0.917232142857
0.9171875
0.917142857143
0.917098214286
0.917053571429
0.917008928571
0.916964285714
0.916919642857
0.916875
0.916830357143
0.916785714286
0.916741071429
0.916696428571
0.916651785714
0.916607142857
0.9165625
0.916517857143
0.916473214286
0.916428571429
0.916383928571
0.916339285714
0.916294642857
0.91625
0.916205357143
0.916160714286
0.916116071429
0.916071428571
0.916026785714
0.915982142857
0.9159375
0.915892857143
0.915848214286
0.915803571429
0.915758928571
0.915714285714
0.915669642857
0.915625
0.915580357143
0.915535714286
0.915491071429
0.915446428571
0.915401785714
0.915357142857
0.9153125
0.915267857143
0.915223214286
0.915178571429
0.915133928571
0.915089285714
0.915044642857
0.915
0.914955357143
0.914910714286
0.914866071429
0.914821428571
0.914776785714
0.914732142857
0.9146875
0.914642857143
0.914598214286
0.914553571429
0.914508928571
0.914464285714
0.914419642857
0.914375
0.914330357143
0.914285714286
0.914241071429
0.914196428571
0.914151785714
0.914107142857
0.9140625
0.914017857143
0.913973214286
0.913928571429
0.913883928571
0.913839285714
0.913794642857
0.91375
0.913705357143
0.913660714286
0.913616071429
0.913571428571
0.913526785714
0.913482142857
0.9134375
0.913392857143
0.913348214286
0.913303571429
0.913258928571
0.913214285714
0.913169642857
0.913125
0.913080357143
0.913035714286
0.912991071429
0.912946428571
0.912901785714
0.912857142857
0.9128125
0.912767857143
0.912723214286
0.912678571429
0.912633928571
0.912589285714
0.912544642857
0.9125
0.912455357143
0.912410714286
0.912366071429
0.912321428571
0.912276785714
0.912232142857
0.9121875
0.912142857143
0.912098214286
0.912053571429
0.912008928571
0.911964285714
0.911919642857
0.911875
0.911830357143
0.911785714286
0.911741071429
0.911696428571
0.911651785714
0.911607142857
0.9115625
0.911517857143
0.911473214286
0.911428571429
0.911383928571
0.911339285714
0.911294642857
0.91125
0.911205357143
0.911160714286
0.911116071429
0.911071428571
0.911026785714
0.910982142857
0.9109375
0.910892857143
0.910848214286
0.910803571429
0.910758928571
0.910714285714
0.910669642857
0.910625
0.910580357143
0.910535714286
0.910491071429
0.910446428571
0.910401785714
0.910357142857
0.9103125
0.910267857143
0.910223214286
0.910178571429
0.910133928571
0.910089285714
0.910044642857
0.91
0.909955357143
0.909910714286
0.909866071429
0.909821428571
0.909776785714
0.909732142857
0.9096875
0.909642857143
0.909598214286
0.909553571429
0.909508928571
0.909464285714
0.909419642857
0.909375
0.909330357143
0.909285714286
0.909241071429
0.909196428571
0.909151785714
0.909107142857
0.9090625
0.909017857143
0.908973214286
0.908928571429
0.908883928571
0.908839285714
0.908794642857
0.90875
0.908705357143
0.908660714286
0.908616071429
0.908571428571
0.908526785714
0.908482142857
0.9084375
0.908392857143
0.908348214286
0.908303571429
0.908258928571
0.908214285714
0.908169642857
0.908125
0.908080357143
0.908035714286
0.907991071429
0.907946428571
0.907901785714
0.907857142857
0.9078125
0.907767857143
0.907723214286
0.907678571429
0.907633928571
0.907589285714
0.907544642857
0.9075
0.907455357143
0.907410714286
0.907366071429
0.907321428571
0.907276785714
0.907232142857
0.9071875
0.907142857143
0.907098214286
0.907053571429
0.907008928571
0.906964285714
0.906919642857
0.906875
0.906830357143
0.906785714286
0.906741071429
0.906696428571
0.906651785714
0.906607142857
0.9065625
0.906517857143
0.906473214286
0.906428571429
0.906383928571
0.906339285714
0.906294642857
0.90625
0.906205357143
0.906160714286
0.906116071429
0.906071428571
0.906026785714
0.905982142857
0.9059375
0.905892857143
0.905848214286
0.905803571429
0.905758928571
0.905714285714
0.905669642857
0.905625
0.905580357143
0.905535714286
0.905491071429
0.905446428571
0.905401785714
0.905357142857
0.9053125
0.905267857143
0.905223214286
0.905178571429
0.905133928571
0.905089285714
0.905044642857
0.905
0.904955357143
0.904910714286
0.904866071429
0.904821428571
0.904776785714
0.904732142857
0.9046875
0.904642857143
0.904598214286
0.904553571429
0.904508928571
0.904464285714
0.904419642857
0.904375
0.904330357143
0.904285714286
0.904241071429
0.904196428571
0.904151785714
0.904107142857
0.9040625
0.904017857143
0.903973214286
0.903928571429
0.903883928571
0.903839285714
0.903794642857
0.90375
0.903705357143
0.903660714286
0.903616071429
0.903571428571
0.903526785714
0.903482142857
0.9034375
0.903392857143
0.903348214286
0.903303571429
0.903258928571
0.903214285714
0.903169642857
0.903125
0.903080357143
0.903035714286
0.902991071429
0.902946428571
0.902901785714
0.902857142857
0.9028125
0.902767857143
0.902723214286
0.902678571429
0.902633928571
0.902589285714
0.902544642857
0.9025
0.902455357143
0.902410714286
0.902366071429
0.902321428571
0.902276785714
0.902232142857
0.9021875
0.902142857143
0.902098214286
0.902053571429
0.902008928571
0.901964285714
0.901919642857
0.901875
0.901830357143
0.901785714286
0.901741071429
0.901696428571
0.901651785714
0.901607142857
0.9015625
0.901517857143
0.901473214286
0.901428571429
0.901383928571
0.901339285714
0.901294642857
0.90125
0.901205357143
0.901160714286
0.901116071429
0.901071428571
0.901026785714
0.900982142857
0.9009375
0.900892857143
0.900848214286
0.900803571429
0.900758928571
0.900714285714
0.900669642857
0.900625
0.900580357143
0.900535714286
0.900491071429
0.900446428571
0.900401785714
0.900357142857
0.9003125
0.900267857143
0.900223214286
0.900178571429
0.900133928571
0.900089285714
0.900044642857
0.9
0.899955357143
0.899910714286
0.899866071429
0.899821428571
0.899776785714
0.899732142857
0.8996875
0.899642857143
0.899598214286
0.899553571429
0.899508928571
0.899464285714
0.899419642857
0.899375
0.899330357143
0.899285714286
0.899241071429
0.899196428571
0.899151785714
0.899107142857
0.8990625
0.899017857143
0.898973214286
0.898928571429
0.898883928571
0.898839285714
0.898794642857
0.89875
0.898705357143
0.898660714286
0.898616071429
0.898571428571
0.898526785714
0.898482142857
0.8984375
0.898392857143
0.898348214286
0.898303571429
0.898258928571
0.898214285714
0.898169642857
0.898125
0.898080357143
0.898035714286
0.897991071429
0.897946428571
0.897901785714
0.897857142857
0.8978125
0.897767857143
0.897723214286
0.897678571429
0.897633928571
0.897589285714
0.897544642857
0.8975
0.897455357143
0.897410714286
0.897366071429
0.897321428571
0.897276785714
0.897232142857
0.8971875
0.897142857143
0.897098214286
0.897053571429
0.897008928571
0.896964285714
0.896919642857
0.896875
0.896830357143
0.896785714286
0.896741071429
0.896696428571
0.896651785714
0.896607142857
0.8965625
0.896517857143
0.896473214286
0.896428571429
0.896383928571
0.896339285714
0.896294642857
0.89625
0.896205357143
0.896160714286
0.896116071429
0.896071428571
0.896026785714
0.895982142857
0.8959375
0.895892857143
0.895848214286
0.895803571429
0.895758928571
0.895714285714
0.895669642857
0.895625
0.895580357143
0.895535714286
0.895491071429
0.895446428571
0.895401785714
0.895357142857
0.8953125
0.895267857143
0.895223214286
0.895178571429
0.895133928571
0.895089285714
0.895044642857
0.895
0.894955357143
0.894910714286
0.894866071429
0.894821428571
0.894776785714
0.894732142857
0.8946875
0.894642857143
0.894598214286
0.894553571429
0.894508928571
0.894464285714
0.894419642857
0.894375
0.894330357143
0.894285714286
0.894241071429
0.894196428571
0.894151785714
0.894107142857
0.8940625
0.894017857143
0.893973214286
0.893928571429
0.893883928571
0.893839285714
0.893794642857
0.89375
0.893705357143
0.893660714286
0.893616071429
0.893571428571
0.893526785714
0.893482142857
0.8934375
0.893392857143
0.893348214286
0.893303571429
0.893258928571
0.893214285714
0.893169642857
0.893125
0.893080357143
0.893035714286
0.892991071429
0.892946428571
0.892901785714
0.892857142857
0.8928125
0.892767857143
0.892723214286
0.892678571429
0.892633928571
0.892589285714
0.892544642857
0.8925
0.892455357143
0.892410714286
0.892366071429
0.892321428571
0.892276785714
0.892232142857
0.8921875
0.892142857143
0.892098214286
0.892053571429
0.892008928571
0.891964285714
0.891919642857
0.891875
0.891830357143
0.891785714286
0.891741071429
0.891696428571
0.891651785714
0.891607142857
0.8915625
0.891517857143
0.891473214286
0.891428571429
0.891383928571
0.891339285714
0.891294642857
0.89125
0.891205357143
0.891160714286
0.891116071429
0.891071428571
0.891026785714
0.890982142857
0.8909375
0.890892857143
0.890848214286
0.890803571429
0.890758928571
0.890714285714
0.890669642857
0.890625
0.890580357143
0.890535714286
0.890491071429
0.890446428571
0.890401785714
0.890357142857
0.8903125
0.890267857143
0.890223214286
0.890178571429
0.890133928571
0.890089285714
0.890044642857
0.89
0.889955357143
0.889910714286
0.889866071429
0.889821428571
0.889776785714
0.889732142857
0.8896875
0.889642857143
0.889598214286
0.889553571429
0.889508928571
0.889464285714
0.889419642857
0.889375
0.889330357143
0.889285714286
0.889241071429
0.889196428571
0.889151785714
0.889107142857
0.8890625
0.889017857143
0.888973214286
0.888928571429
0.888883928571
0.888839285714
0.888794642857
0.88875
0.888705357143
0.888660714286
0.888616071429
0.888571428571
0.888526785714
0.888482142857
0.8884375
0.888392857143
0.888348214286
0.888303571429
0.888258928571
0.888214285714
0.888169642857
0.888125
0.888080357143
0.888035714286
0.887991071429
0.887946428571
0.887901785714
0.887857142857
0.8878125
0.887767857143
0.887723214286
0.887678571429
0.887633928571
0.887589285714
0.887544642857
0.8875
0.887455357143
0.887410714286
0.887366071429
0.887321428571
0.887276785714
0.887232142857
0.8871875
0.887142857143
0.887098214286
0.887053571429
0.887008928571
0.886964285714
0.886919642857
0.886875
0.886830357143
0.886785714286
0.886741071429
0.886696428571
0.886651785714
0.886607142857
0.8865625
0.886517857143
0.886473214286
0.886428571429
0.886383928571
0.886339285714
0.886294642857
0.88625
0.886205357143
0.886160714286
0.886116071429
0.886071428571
0.886026785714
0.885982142857
0.8859375
0.885892857143
0.885848214286
0.885803571429
0.885758928571
0.885714285714
0.885669642857
0.885625
0.885580357143
0.885535714286
0.885491071429
0.885446428571
0.885401785714
0.885357142857
0.8853125
0.885267857143
0.885223214286
0.885178571429
0.885133928571
0.885089285714
0.885044642857
0.885
0.884955357143
0.884910714286
0.884866071429
0.884821428571
0.884776785714
0.884732142857
0.8846875
0.884642857143
0.884598214286
0.884553571429
0.884508928571
0.884464285714
0.884419642857
0.884375
0.884330357143
0.884285714286
0.884241071429
0.884196428571
0.884151785714
0.884107142857
0.8840625
0.884017857143
0.883973214286
0.883928571429
0.883883928571
0.883839285714
0.883794642857
0.88375
0.883705357143
0.883660714286
0.883616071429
0.883571428571
0.883526785714
0.883482142857
0.8834375
0.883392857143
0.883348214286
0.883303571429
0.883258928571
0.883214285714
0.883169642857
0.883125
0.883080357143
0.883035714286
0.882991071429
0.882946428571
0.882901785714
0.882857142857
0.8828125
0.882767857143
0.882723214286
0.882678571429
0.882633928571
0.882589285714
0.882544642857
0.8825
0.882455357143
0.882410714286
0.882366071429
0.882321428571
0.882276785714
0.882232142857
0.8821875
0.882142857143
0.882098214286
0.882053571429
0.882008928571
0.881964285714
0.881919642857
0.881875
0.881830357143
0.881785714286
0.881741071429
0.881696428571
0.881651785714
0.881607142857
0.8815625
0.881517857143
0.881473214286
0.881428571429
0.881383928571
0.881339285714
0.881294642857
0.88125
0.881205357143
0.881160714286
0.881116071429
0.881071428571
0.881026785714
0.880982142857
0.8809375
0.880892857143
0.880848214286
0.880803571429
0.880758928571
0.880714285714
0.880669642857
0.880625
0.880580357143
0.880535714286
0.880491071429
0.880446428571
0.880401785714
0.880357142857
0.8803125
0.880267857143
0.880223214286
0.880178571429
0.880133928571
0.880089285714
0.880044642857
0.88
0.879955357143
0.879910714286
0.879866071429
0.879821428571
0.879776785714
0.879732142857
0.8796875
0.879642857143
0.879598214286
0.879553571429
0.879508928571
0.879464285714
0.879419642857
0.879375
0.879330357143
0.879285714286
0.879241071429
0.879196428571
0.879151785714
0.879107142857
0.8790625
0.879017857143
0.878973214286
0.878928571429
0.878883928571
0.878839285714
0.878794642857
0.87875
0.878705357143
0.878660714286
0.878616071429
0.878571428571
0.878526785714
0.878482142857
0.8784375
0.878392857143
0.878348214286
0.878303571429
0.878258928571
0.878214285714
0.878169642857
0.878125
0.878080357143
0.878035714286
0.877991071429
0.877946428571
0.877901785714
0.877857142857
0.8778125
0.877767857143
0.877723214286
0.877678571429
0.877633928571
0.877589285714
0.877544642857
0.8775
0.877455357143
0.877410714286
0.877366071429
0.877321428571
0.877276785714
0.877232142857
0.8771875
0.877142857143
0.877098214286
0.877053571429
0.877008928571
0.876964285714
0.876919642857
0.876875
0.876830357143
0.876785714286
0.876741071429
0.876696428571
0.876651785714
0.876607142857
0.8765625
0.876517857143
0.876473214286
0.876428571429
0.876383928571
0.876339285714
0.876294642857
0.87625
0.876205357143
0.876160714286
0.876116071429
0.876071428571
0.876026785714
0.875982142857
0.8759375
0.875892857143
0.875848214286
0.875803571429
0.875758928571
0.875714285714
0.875669642857
0.875625
0.875580357143
0.875535714286
0.875491071429
0.875446428571
0.875401785714
0.875357142857
0.8753125
0.875267857143
0.875223214286
0.875178571429
0.875133928571
0.875089285714
0.875044642857
0.875
0.874955357143
0.874910714286
0.874866071429
0.874821428571
0.874776785714
0.874732142857
0.8746875
0.874642857143
0.874598214286
0.874553571429
0.874508928571
0.874464285714
0.874419642857
0.874375
0.874330357143
0.874285714286
0.874241071429
0.874196428571
0.874151785714
0.874107142857
0.8740625
0.874017857143
0.873973214286
0.873928571429
0.873883928571
0.873839285714
0.873794642857
0.87375
0.873705357143
0.873660714286
0.873616071429
0.873571428571
0.873526785714
0.873482142857
0.8734375
0.873392857143
0.873348214286
0.873303571429
0.873258928571
0.873214285714
0.873169642857
0.873125
0.873080357143
0.873035714286
0.872991071429
0.872946428571
0.872901785714
0.872857142857
0.8728125
0.872767857143
0.872723214286
0.872678571429
0.872633928571
0.872589285714
0.872544642857
0.8725
0.872455357143
0.872410714286
0.872366071429
0.872321428571
0.872276785714
0.872232142857
0.8721875
0.872142857143
0.872098214286
0.872053571429
0.872008928571
0.871964285714
0.871919642857
0.871875
0.871830357143
0.871785714286
0.871741071429
0.871696428571
0.871651785714
0.871607142857
0.8715625
0.871517857143
0.871473214286
0.871428571429
0.871383928571
0.871339285714
0.871294642857
0.87125
0.871205357143
0.871160714286
0.871116071429
0.871071428571
0.871026785714
0.870982142857
0.8709375
0.870892857143
0.870848214286
0.870803571429
0.870758928571
0.870714285714
0.870669642857
0.870625
0.870580357143
0.870535714286
0.870491071429
0.870446428571
0.870401785714
0.870357142857
0.8703125
0.870267857143
0.870223214286
0.870178571429
0.870133928571
0.870089285714
0.870044642857
0.87
0.869955357143
0.869910714286
0.869866071429
0.869821428571
0.869776785714
0.869732142857
0.8696875
0.869642857143
0.869598214286
0.869553571429
0.869508928571
0.869464285714
0.869419642857
0.869375
0.869330357143
0.869285714286
0.869241071429
0.869196428571
0.869151785714
0.869107142857
0.8690625
0.869017857143
0.868973214286
0.868928571429
0.868883928571
0.868839285714
0.868794642857
0.86875
0.868705357143
0.868660714286
0.868616071429
0.868571428571
0.868526785714
0.868482142857
0.8684375
0.868392857143
0.868348214286
0.868303571429
0.868258928571
0.868214285714
0.868169642857
0.868125
0.868080357143
0.868035714286
0.867991071429
0.867946428571
0.867901785714
0.867857142857
0.8678125
0.867767857143
0.867723214286
0.867678571429
0.867633928571
0.867589285714
0.867544642857
0.8675
0.867455357143
0.867410714286
0.867366071429
0.867321428571
0.867276785714
0.867232142857
0.8671875
0.867142857143
0.867098214286
0.867053571429
0.867008928571
0.866964285714
0.866919642857
0.866875
0.866830357143
0.866785714286
0.866741071429
0.866696428571
0.866651785714
0.866607142857
0.8665625
0.866517857143
0.866473214286
0.866428571429
0.866383928571
0.866339285714
0.866294642857
0.86625
0.866205357143
0.866160714286
0.866116071429
0.866071428571
0.866026785714
0.865982142857
0.8659375
0.865892857143
0.865848214286
0.865803571429
0.865758928571
0.865714285714
0.865669642857
0.865625
0.865580357143
0.865535714286
0.865491071429
0.865446428571
0.865401785714
0.865357142857
0.8653125
0.865267857143
0.865223214286
0.865178571429
0.865133928571
0.865089285714
0.865044642857
0.865
0.864955357143
0.864910714286
0.864866071429
0.864821428571
0.864776785714
0.864732142857
0.8646875
0.864642857143
0.864598214286
0.864553571429
0.864508928571
0.864464285714
0.864419642857
0.864375
0.864330357143
0.864285714286
0.864241071429
0.864196428571
0.864151785714
0.864107142857
0.8640625
0.864017857143
0.863973214286
0.863928571429
0.863883928571
0.863839285714
0.863794642857
0.86375
0.863705357143
0.863660714286
0.863616071429
0.863571428571
0.863526785714
0.863482142857
0.8634375
0.863392857143
0.863348214286
0.863303571429
0.863258928571
0.863214285714
0.863169642857
0.863125
0.863080357143
0.863035714286
0.862991071429
0.862946428571
0.862901785714
0.862857142857
0.8628125
0.862767857143
0.862723214286
0.862678571429
0.862633928571
0.862589285714
0.862544642857
0.8625
0.862455357143
0.862410714286
0.862366071429
0.862321428571
0.862276785714
0.862232142857
0.8621875
0.862142857143
0.862098214286
0.862053571429
0.862008928571
0.861964285714
0.861919642857
0.861875
0.861830357143
0.861785714286
0.861741071429
0.861696428571
0.861651785714
0.861607142857
0.8615625
0.861517857143
0.861473214286
0.861428571429
0.861383928571
0.861339285714
0.861294642857
0.86125
0.861205357143
0.861160714286
0.861116071429
0.861071428571
0.861026785714
0.860982142857
0.8609375
0.860892857143
0.860848214286
0.860803571429
0.860758928571
0.860714285714
0.860669642857
0.860625
0.860580357143
0.860535714286
0.860491071429
0.860446428571
0.860401785714
0.860357142857
0.8603125
0.860267857143
0.860223214286
0.860178571429
0.860133928571
0.860089285714
0.860044642857
0.86
0.859955357143
0.859910714286
0.859866071429
0.859821428571
0.859776785714
0.859732142857
0.8596875
0.859642857143
0.859598214286
0.859553571429
0.859508928571
0.859464285714
0.859419642857
0.859375
0.859330357143
0.859285714286
0.859241071429
0.859196428571
0.859151785714
0.859107142857
0.8590625
0.859017857143
0.858973214286
0.858928571429
0.858883928571
0.858839285714
0.858794642857
0.85875
0.858705357143
0.858660714286
0.858616071429
0.858571428571
0.858526785714
0.858482142857
0.8584375
0.858392857143
0.858348214286
0.858303571429
0.858258928571
0.858214285714
0.858169642857
0.858125
0.858080357143
0.858035714286
0.857991071429
0.857946428571
0.857901785714
0.857857142857
0.8578125
0.857767857143
0.857723214286
0.857678571429
0.857633928571
0.857589285714
0.857544642857
0.8575
0.857455357143
0.857410714286
0.857366071429
0.857321428571
0.857276785714
0.857232142857
0.8571875
0.857142857143
0.857098214286
0.857053571429
0.857008928571
0.856964285714
0.856919642857
0.856875
0.856830357143
0.856785714286
0.856741071429
0.856696428571
0.856651785714
0.856607142857
0.8565625
0.856517857143
0.856473214286
0.856428571429
0.856383928571
0.856339285714
0.856294642857
0.85625
0.856205357143
0.856160714286
0.856116071429
0.856071428571
0.856026785714
0.855982142857
0.8559375
0.855892857143
0.855848214286
0.855803571429
0.855758928571
0.855714285714
0.855669642857
0.855625
0.855580357143
0.855535714286
0.855491071429
0.855446428571
0.855401785714
0.855357142857
0.8553125
0.855267857143
0.855223214286
0.855178571429
0.855133928571
0.855089285714
0.855044642857
0.855
0.854955357143
0.854910714286
0.854866071429
0.854821428571
0.854776785714
0.854732142857
0.8546875
0.854642857143
0.854598214286
0.854553571429
0.854508928571
0.854464285714
0.854419642857
0.854375
0.854330357143
0.854285714286
0.854241071429
0.854196428571
0.854151785714
0.854107142857
0.8540625
0.854017857143
0.853973214286
0.853928571429
0.853883928571
0.853839285714
0.853794642857
0.85375
0.853705357143
0.853660714286
0.853616071429
0.853571428571
0.853526785714
0.853482142857
0.8534375
0.853392857143
0.853348214286
0.853303571429
0.853258928571
0.853214285714
0.853169642857
0.853125
0.853080357143
0.853035714286
0.852991071429
0.852946428571
0.852901785714
0.852857142857
0.8528125
0.852767857143
0.852723214286
0.852678571429
0.852633928571
0.852589285714
0.852544642857
0.8525
0.852455357143
0.852410714286
0.852366071429
0.852321428571
0.852276785714
0.852232142857
0.8521875
0.852142857143
0.852098214286
0.852053571429
0.852008928571
0.851964285714
0.851919642857
0.851875
0.851830357143
0.851785714286
0.851741071429
0.851696428571
0.851651785714
0.851607142857
0.8515625
0.851517857143
0.851473214286
0.851428571429
0.851383928571
0.851339285714
0.851294642857
0.85125
0.851205357143
0.851160714286
0.851116071429
0.851071428571
0.851026785714
0.850982142857
0.8509375
0.850892857143
0.850848214286
0.850803571429
0.850758928571
0.850714285714
0.850669642857
0.850625
0.850580357143
0.850535714286
0.850491071429
0.850446428571
0.850401785714
0.850357142857
0.8503125
0.850267857143
0.850223214286
0.850178571429
0.850133928571
0.850089285714
0.850044642857
0.85
0.849955357143
0.849910714286
0.849866071429
0.849821428571
0.849776785714
0.849732142857
0.8496875
0.849642857143
0.849598214286
0.849553571429
0.849508928571
0.849464285714
0.849419642857
0.849375
0.849330357143
0.849285714286
0.849241071429
0.849196428571
0.849151785714
0.849107142857
0.8490625
0.849017857143
0.848973214286
0.848928571429
0.848883928571
0.848839285714
0.848794642857
0.84875
0.848705357143
0.848660714286
0.848616071429
0.848571428571
0.848526785714
0.848482142857
0.8484375
0.848392857143
0.848348214286
0.848303571429
0.848258928571
0.848214285714
0.848169642857
0.848125
0.848080357143
0.848035714286
0.847991071429
0.847946428571
0.847901785714
0.847857142857
0.8478125
0.847767857143
0.847723214286
0.847678571429
0.847633928571
0.847589285714
0.847544642857
0.8475
0.847455357143
0.847410714286
0.847366071429
0.847321428571
0.847276785714
0.847232142857
0.8471875
0.847142857143
0.847098214286
0.847053571429
0.847008928571
0.846964285714
0.846919642857
0.846875
0.846830357143
0.846785714286
0.846741071429
0.846696428571
0.846651785714
0.846607142857
0.8465625
0.846517857143
0.846473214286
0.846428571429
0.846383928571
0.846339285714
0.846294642857
0.84625
0.846205357143
0.846160714286
0.846116071429
0.846071428571
0.846026785714
0.845982142857
0.8459375
0.845892857143
0.845848214286
0.845803571429
0.845758928571
0.845714285714
0.845669642857
0.845625
0.845580357143
0.845535714286
0.845491071429
0.845446428571
0.845401785714
0.845357142857
0.8453125
0.845267857143
0.845223214286
0.845178571429
0.845133928571
0.845089285714
0.845044642857
0.845
0.844955357143
0.844910714286
0.844866071429
0.844821428571
0.844776785714
0.844732142857
0.8446875
0.844642857143
0.844598214286
0.844553571429
0.844508928571
0.844464285714
0.844419642857
0.844375
0.844330357143
0.844285714286
0.844241071429
0.844196428571
0.844151785714
0.844107142857
0.8440625
0.844017857143
0.843973214286
0.843928571429
0.843883928571
0.843839285714
0.843794642857
0.84375
0.843705357143
0.843660714286
0.843616071429
0.843571428571
0.843526785714
0.843482142857
0.8434375
0.843392857143
0.843348214286
0.843303571429
0.843258928571
0.843214285714
0.843169642857
0.843125
0.843080357143
0.843035714286
0.842991071429
0.842946428571
0.842901785714
0.842857142857
0.8428125
0.842767857143
0.842723214286
0.842678571429
0.842633928571
0.842589285714
0.842544642857
0.8425
0.842455357143
0.842410714286
0.842366071429
0.842321428571
0.842276785714
0.842232142857
0.8421875
0.842142857143
0.842098214286
0.842053571429
0.842008928571
0.841964285714
0.841919642857
0.841875
0.841830357143
0.841785714286
0.841741071429
0.841696428571
0.841651785714
0.841607142857
0.8415625
0.841517857143
0.841473214286
0.841428571429
0.841383928571
0.841339285714
0.841294642857
0.84125
0.841205357143
0.841160714286
0.841116071429
0.841071428571
0.841026785714
0.840982142857
0.8409375
0.840892857143
0.840848214286
0.840803571429
0.840758928571
0.840714285714
0.840669642857
0.840625
0.840580357143
0.840535714286
0.840491071429
0.840446428571
0.840401785714
0.840357142857
0.8403125
0.840267857143
0.840223214286
0.840178571429
0.840133928571
0.840089285714
0.840044642857
0.84
0.839955357143
0.839910714286
0.839866071429
0.839821428571
0.839776785714
0.839732142857
0.8396875
0.839642857143
0.839598214286
0.839553571429
0.839508928571
0.839464285714
0.839419642857
0.839375
0.839330357143
0.839285714286
0.839241071429
0.839196428571
0.839151785714
0.839107142857
0.8390625
0.839017857143
0.838973214286
0.838928571429
0.838883928571
0.838839285714
0.838794642857
0.83875
0.838705357143
0.838660714286
0.838616071429
0.838571428571
0.838526785714
0.838482142857
0.8384375
0.838392857143
0.838348214286
0.838303571429
0.838258928571
0.838214285714
0.838169642857
0.838125
0.838080357143
0.838035714286
0.837991071429
0.837946428571
0.837901785714
0.837857142857
0.8378125
0.837767857143
0.837723214286
0.837678571429
0.837633928571
0.837589285714
0.837544642857
0.8375
0.837455357143
0.837410714286
0.837366071429
0.837321428571
0.837276785714
0.837232142857
0.8371875
0.837142857143
0.837098214286
0.837053571429
0.837008928571
0.836964285714
0.836919642857
0.836875
0.836830357143
0.836785714286
0.836741071429
0.836696428571
0.836651785714
0.836607142857
0.8365625
0.836517857143
0.836473214286
0.836428571429
0.836383928571
0.836339285714
0.836294642857
0.83625
0.836205357143
0.836160714286
0.836116071429
0.836071428571
0.836026785714
0.835982142857
0.8359375
0.835892857143
0.835848214286
0.835803571429
0.835758928571
0.835714285714
0.835669642857
0.835625
0.835580357143
0.835535714286
0.835491071429
0.835446428571
0.835401785714
0.835357142857
0.8353125
0.835267857143
0.835223214286
0.835178571429
0.835133928571
0.835089285714
0.835044642857
0.835
0.834955357143
0.834910714286
0.834866071429
0.834821428571
0.834776785714
0.834732142857
0.8346875
0.834642857143
0.834598214286
0.834553571429
0.834508928571
0.834464285714
0.834419642857
0.834375
0.834330357143
0.834285714286
0.834241071429
0.834196428571
0.834151785714
0.834107142857
0.8340625
0.834017857143
0.833973214286
0.833928571429
0.833883928571
0.833839285714
0.833794642857
0.83375
0.833705357143
0.833660714286
0.833616071429
0.833571428571
0.833526785714
0.833482142857
0.8334375
0.833392857143
0.833348214286
0.833303571429
0.833258928571
0.833214285714
0.833169642857
0.833125
0.833080357143
0.833035714286
0.832991071429
0.832946428571
0.832901785714
0.832857142857
0.8328125
0.832767857143
0.832723214286
0.832678571429
0.832633928571
0.832589285714
0.832544642857
0.8325
0.832455357143
0.832410714286
0.832366071429
0.832321428571
0.832276785714
0.832232142857
0.8321875
0.832142857143
0.832098214286
0.832053571429
0.832008928571
0.831964285714
0.831919642857
0.831875
0.831830357143
0.831785714286
0.831741071429
0.831696428571
0.831651785714
0.831607142857
0.8315625
0.831517857143
0.831473214286
0.831428571429
0.831383928571
0.831339285714
0.831294642857
0.83125
0.831205357143
0.831160714286
0.831116071429
0.831071428571
0.831026785714
0.830982142857
0.8309375
0.830892857143
0.830848214286
0.830803571429
0.830758928571
0.830714285714
0.830669642857
0.830625
0.830580357143
0.830535714286
0.830491071429
0.830446428571
0.830401785714
0.830357142857
0.8303125
0.830267857143
0.830223214286
0.830178571429
0.830133928571
0.830089285714
0.830044642857
0.83
0.829955357143
0.829910714286
0.829866071429
0.829821428571
0.829776785714
0.829732142857
0.8296875
0.829642857143
0.829598214286
0.829553571429
0.829508928571
0.829464285714
0.829419642857
0.829375
0.829330357143
0.829285714286
0.829241071429
0.829196428571
0.829151785714
0.829107142857
0.8290625
0.829017857143
0.828973214286
0.828928571429
0.828883928571
0.828839285714
0.828794642857
0.82875
0.828705357143
0.828660714286
0.828616071429
0.828571428571
0.828526785714
0.828482142857
0.8284375
0.828392857143
0.828348214286
0.828303571429
0.828258928571
0.828214285714
0.828169642857
0.828125
0.828080357143
0.828035714286
0.827991071429
0.827946428571
0.827901785714
0.827857142857
0.8278125
0.827767857143
0.827723214286
0.827678571429
0.827633928571
0.827589285714
0.827544642857
0.8275
0.827455357143
0.827410714286
0.827366071429
0.827321428571
0.827276785714
0.827232142857
0.8271875
0.827142857143
0.827098214286
0.827053571429
0.827008928571
0.826964285714
0.826919642857
0.826875
0.826830357143
0.826785714286
0.826741071429
0.826696428571
0.826651785714
0.826607142857
0.8265625
0.826517857143
0.826473214286
0.826428571429
0.826383928571
0.826339285714
0.826294642857
0.82625
0.826205357143
0.826160714286
0.826116071429
0.826071428571
0.826026785714
0.825982142857
0.8259375
0.825892857143
0.825848214286
0.825803571429
0.825758928571
0.825714285714
0.825669642857
0.825625
0.825580357143
0.825535714286
0.825491071429
0.825446428571
0.825401785714
0.825357142857
0.8253125
0.825267857143
0.825223214286
0.825178571429
0.825133928571
0.825089285714
0.825044642857
0.825
0.824955357143
0.824910714286
0.824866071429
0.824821428571
0.824776785714
0.824732142857
0.8246875
0.824642857143
0.824598214286
0.824553571429
0.824508928571
0.824464285714
0.824419642857
0.824375
0.824330357143
0.824285714286
0.824241071429
0.824196428571
0.824151785714
0.824107142857
0.8240625
0.824017857143
0.823973214286
0.823928571429
0.823883928571
0.823839285714
0.823794642857
0.82375
0.823705357143
0.823660714286
0.823616071429
0.823571428571
0.823526785714
0.823482142857
0.8234375
0.823392857143
0.823348214286
0.823303571429
0.823258928571
0.823214285714
0.823169642857
0.823125
0.823080357143
0.823035714286
0.822991071429
0.822946428571
0.822901785714
0.822857142857
0.8228125
0.822767857143
0.822723214286
0.822678571429
0.822633928571
0.822589285714
0.822544642857
0.8225
0.822455357143
0.822410714286
0.822366071429
0.822321428571
0.822276785714
0.822232142857
0.8221875
0.822142857143
0.822098214286
0.822053571429
0.822008928571
0.821964285714
0.821919642857
0.821875
0.821830357143
0.821785714286
0.821741071429
0.821696428571
0.821651785714
0.821607142857
0.8215625
0.821517857143
0.821473214286
0.821428571429
0.821383928571
0.821339285714
0.821294642857
0.82125
0.821205357143
0.821160714286
0.821116071429
0.821071428571
0.821026785714
0.820982142857
0.8209375
0.820892857143
0.820848214286
0.820803571429
0.820758928571
0.820714285714
0.820669642857
0.820625
0.820580357143
0.820535714286
0.820491071429
0.820446428571
0.820401785714
0.820357142857
0.8203125
0.820267857143
0.820223214286
0.820178571429
0.820133928571
0.820089285714
0.820044642857
0.82
0.819955357143
0.819910714286
0.819866071429
0.819821428571
0.819776785714
0.819732142857
0.8196875
0.819642857143
0.819598214286
0.819553571429
0.819508928571
0.819464285714
0.819419642857
0.819375
0.819330357143
0.819285714286
0.819241071429
0.819196428571
0.819151785714
0.819107142857
0.8190625
0.819017857143
0.818973214286
0.818928571429
0.818883928571
0.818839285714
0.818794642857
0.81875
0.818705357143
0.818660714286
0.818616071429
0.818571428571
0.818526785714
0.818482142857
0.8184375
0.818392857143
0.818348214286
0.818303571429
0.818258928571
0.818214285714
0.818169642857
0.818125
0.818080357143
0.818035714286
0.817991071429
0.817946428571
0.817901785714
0.817857142857
0.8178125
0.817767857143
0.817723214286
0.817678571429
0.817633928571
0.817589285714
0.817544642857
0.8175
0.817455357143
0.817410714286
0.817366071429
0.817321428571
0.817276785714
0.817232142857
0.8171875
0.817142857143
0.817098214286
0.817053571429
0.817008928571
0.816964285714
0.816919642857
0.816875
0.816830357143
0.816785714286
0.816741071429
0.816696428571
0.816651785714
0.816607142857
0.8165625
0.816517857143
0.816473214286
0.816428571429
0.816383928571
0.816339285714
0.816294642857
0.81625
0.816205357143
0.816160714286
0.816116071429
0.816071428571
0.816026785714
0.815982142857
0.8159375
0.815892857143
0.815848214286
0.815803571429
0.815758928571
0.815714285714
0.815669642857
0.815625
0.815580357143
0.815535714286
0.815491071429
0.815446428571
0.815401785714
0.815357142857
0.8153125
0.815267857143
0.815223214286
0.815178571429
0.815133928571
0.815089285714
0.815044642857
0.815
0.814955357143
0.814910714286
0.814866071429
0.814821428571
0.814776785714
0.814732142857
0.8146875
0.814642857143
0.814598214286
0.814553571429
0.814508928571
0.814464285714
0.814419642857
0.814375
0.814330357143
0.814285714286
0.814241071429
0.814196428571
0.814151785714
0.814107142857
0.8140625
0.814017857143
0.813973214286
0.813928571429
0.813883928571
0.813839285714
0.813794642857
0.81375
0.813705357143
0.813660714286
0.813616071429
0.813571428571
0.813526785714
0.813482142857
0.8134375
0.813392857143
0.813348214286
0.813303571429
0.813258928571
0.813214285714
0.813169642857
0.813125
0.813080357143
0.813035714286
0.812991071429
0.812946428571
0.812901785714
0.812857142857
0.8128125
0.812767857143
0.812723214286
0.812678571429
0.812633928571
0.812589285714
0.812544642857
0.8125
0.812455357143
0.812410714286
0.812366071429
0.812321428571
0.812276785714
0.812232142857
0.8121875
0.812142857143
0.812098214286
0.812053571429
0.812008928571
0.811964285714
0.811919642857
0.811875
0.811830357143
0.811785714286
0.811741071429
0.811696428571
0.811651785714
0.811607142857
0.8115625
0.811517857143
0.811473214286
0.811428571429
0.811383928571
0.811339285714
0.811294642857
0.81125
0.811205357143
0.811160714286
0.811116071429
0.811071428571
0.811026785714
0.810982142857
0.8109375
0.810892857143
0.810848214286
0.810803571429
0.810758928571
0.810714285714
0.810669642857
0.810625
0.810580357143
0.810535714286
0.810491071429
0.810446428571
0.810401785714
0.810357142857
0.8103125
0.810267857143
0.810223214286
0.810178571429
0.810133928571
0.810089285714
0.810044642857
0.81
0.809955357143
0.809910714286
0.809866071429
0.809821428571
0.809776785714
0.809732142857
0.8096875
0.809642857143
0.809598214286
0.809553571429
0.809508928571
0.809464285714
0.809419642857
0.809375
0.809330357143
0.809285714286
0.809241071429
0.809196428571
0.809151785714
0.809107142857
0.8090625
0.809017857143
0.808973214286
0.808928571429
0.808883928571
0.808839285714
0.808794642857
0.80875
0.808705357143
0.808660714286
0.808616071429
0.808571428571
0.808526785714
0.808482142857
0.8084375
0.808392857143
0.808348214286
0.808303571429
0.808258928571
0.808214285714
0.808169642857
0.808125
0.808080357143
0.808035714286
0.807991071429
0.807946428571
0.807901785714
0.807857142857
0.8078125
0.807767857143
0.807723214286
0.807678571429
0.807633928571
0.807589285714
0.807544642857
0.8075
0.807455357143
0.807410714286
0.807366071429
0.807321428571
0.807276785714
0.807232142857
0.8071875
0.807142857143
0.807098214286
0.807053571429
0.807008928571
0.806964285714
0.806919642857
0.806875
0.806830357143
0.806785714286
0.806741071429
0.806696428571
0.806651785714
0.806607142857
0.8065625
0.806517857143
0.806473214286
0.806428571429
0.806383928571
0.806339285714
0.806294642857
0.80625
0.806205357143
0.806160714286
0.806116071429
0.806071428571
0.806026785714
0.805982142857
0.8059375
0.805892857143
0.805848214286
0.805803571429
0.805758928571
0.805714285714
0.805669642857
0.805625
0.805580357143
0.805535714286
0.805491071429
0.805446428571
0.805401785714
0.805357142857
0.8053125
0.805267857143
0.805223214286
0.805178571429
0.805133928571
0.805089285714
0.805044642857
0.805
0.804955357143
0.804910714286
0.804866071429
0.804821428571
0.804776785714
0.804732142857
0.8046875
0.804642857143
0.804598214286
0.804553571429
0.804508928571
0.804464285714
0.804419642857
0.804375
0.804330357143
0.804285714286
0.804241071429
0.804196428571
0.804151785714
0.804107142857
0.8040625
0.804017857143
0.803973214286
0.803928571429
0.803883928571
0.803839285714
0.803794642857
0.80375
0.803705357143
0.803660714286
0.803616071429
0.803571428571
0.803526785714
0.803482142857
0.8034375
0.803392857143
0.803348214286
0.803303571429
0.803258928571
0.803214285714
0.803169642857
0.803125
0.803080357143
0.803035714286
0.802991071429
0.802946428571
0.802901785714
0.802857142857
0.8028125
0.802767857143
0.802723214286
0.802678571429
0.802633928571
0.802589285714
0.802544642857
0.8025
0.802455357143
0.802410714286
0.802366071429
0.802321428571
0.802276785714
0.802232142857
0.8021875
0.802142857143
0.802098214286
0.802053571429
0.802008928571
0.801964285714
0.801919642857
0.801875
0.801830357143
0.801785714286
0.801741071429
0.801696428571
0.801651785714
0.801607142857
0.8015625
0.801517857143
0.801473214286
0.801428571429
0.801383928571
0.801339285714
0.801294642857
0.80125
0.801205357143
0.801160714286
0.801116071429
0.801071428571
0.801026785714
0.800982142857
0.8009375
0.800892857143
0.800848214286
0.800803571429
0.800758928571
0.800714285714
0.800669642857
0.800625
0.800580357143
0.800535714286
0.800491071429
0.800446428571
0.800401785714
0.800357142857
0.8003125
0.800267857143
0.800223214286
0.800178571429
0.800133928571
0.800089285714
0.800044642857
0.0
0.79875
0.7975
0.79625
0.795
0.79375
0.7925
0.79125
0.79
0.78875
0.7875
0.78625
0.785
0.78375
0.7825
0.78125
0.78
0.77875
0.7775
0.77625
0.775
0.77375
0.7725
0.77125
0.77
0.76875
0.7675
0.76625
0.765
0.76375
0.7625
0.76125
0.76
0.75875
0.7575
0.75625
0.755
0.75375
0.7525
0.75125
0.75
0.74875
0.7475
0.74625
0.745
0.74375
0.7425
0.74125
0.74
0.73875
0.7375
0.73625
0.735
0.73375
0.7325
0.73125
0.73
0.72875
0.7275
0.72625
0.725
0.72375
0.7225
0.72125
0.72
0.71875
0.7175
0.71625
0.715
0.71375
0.7125
0.71125
0.71
0.70875
0.7075
0.70625
0.705
0.70375
0.7025
0.70125
0.7
0.69875
0.6975
0.69625
0.695
0.69375
0.6925
0.69125
0.69
0.68875
0.6875
0.68625
0.685
0.68375
0.6825
0.68125
0.68
0.67875
0.6775
0.67625
0.675
0.67375
0.6725
0.67125
0.67
0.66875
0.6675
0.66625
0.665
0.66375
0.6625
0.66125
0.66
0.65875
0.6575
0.65625
0.655
0.65375
0.6525
0.65125
0.65
0.64875
0.6475
0.64625
0.645
0.64375
0.6425
0.64125
0.64
0.63875
0.6375
0.63625
0.635
0.63375
0.6325
0.63125
0.63
0.62875
0.6275
0.62625
0.625
0.62375
0.6225
0.62125
0.62
0.61875
0.6175
0.61625
0.615
0.61375
0.6125
0.61125
0.61
0.60875
0.6075
0.60625
0.605
0.60375
0.6025
0.60125
0.6
0.59875
0.5975
0.59625
0.595
0.59375
0.5925
0.59125
0.59
0.58875
0.5875
0.58625
0.585
0.58375
0.5825
0.58125
0.58
0.57875
0.5775
0.57625
0.575
0.57375
0.5725
0.57125
0.57
0.56875
0.5675
0.56625
0.565
0.56375
0.5625
0.56125
0.56
0.55875
0.5575
0.55625
0.555
0.55375
0.5525
0.55125
0.55
0.54875
0.5475
0.54625
0.545
0.54375
0.5425
0.54125
0.54
0.53875
0.5375
0.53625
0.535
0.53375
0.5325
0.53125
0.53
0.52875
0.5275
0.52625
0.525
0.52375
0.5225
0.52125
0.52
0.51875
0.5175
0.51625
0.515
0.51375
0.5125
0.51125
0.51
0.50875
0.5075
0.50625
0.505
0.50375
0.5025
0.50125
0.5
0.49875
0.4975
0.49625
0.495
0.49375
0.4925
0.49125
0.49
0.48875
0.4875
0.48625
0.485
0.48375
0.4825
0.48125
0.48
0.47875
0.4775
0.47625
0.475
0.47375
0.4725
0.47125
0.47
0.46875
0.4675
0.46625
0.465
0.46375
0.4625
0.46125
0.46
0.45875
0.4575
0.45625
0.455
0.45375
0.4525
0.45125
0.45
0.44875
0.4475
0.44625
0.445
0.44375
0.4425
0.44125
0.44
0.43875
0.4375
0.43625
0.435
0.43375
0.4325
0.43125
0.43
0.42875
0.4275
0.42625
0.425
0.42375
0.4225
0.42125
0.42
0.41875
0.4175
0.41625
0.415
0.41375
0.4125
0.41125
0.41
0.40875
0.4075
0.40625
0.405
0.40375
0.4025
0.40125
0.4
0.39875
0.3975
0.39625
0.395
0.39375
0.3925
0.39125
0.39
0.38875
0.3875
0.38625
0.385
0.38375
0.3825
0.38125
0.38
0.37875
0.3775
0.37625
0.375
0.37375
0.3725
0.37125
0.37
0.36875
0.3675
0.36625
0.365
0.36375
0.3625
0.36125
0.36
0.35875
0.3575
0.35625
0.355
0.35375
0.3525
0.35125
0.35
0.34875
0.3475
0.34625
0.345
0.34375
0.3425
0.34125
0.34
0.33875
0.3375
0.33625
0.335
0.33375
0.3325
0.33125
0.33
0.32875
0.3275
0.32625
0.325
0.32375
0.3225
0.32125
0.32
0.31875
0.3175
0.31625
0.315
0.31375
0.3125
0.31125
0.31
0.30875
0.3075
0.30625
0.305
0.30375
0.3025
0.30125
0.3
0.29875
0.2975
0.29625
0.295
0.29375
0.2925
0.29125
0.29
0.28875
0.2875
0.28625
0.285
0.28375
0.2825
0.28125
0.28
0.27875
0.2775
0.27625
0.275
0.27375
0.2725
0.27125
0.27
0.26875
0.2675
0.26625
0.265
0.26375
0.2625
0.26125
0.26
0.25875
0.2575
0.25625
0.255
0.25375
0.2525
0.25125
0.25
0.24875
0.2475
0.24625
0.245
0.24375
0.2425
0.24125
0.24
0.23875
0.2375
0.23625
0.235
0.23375
0.2325
0.23125
0.23
0.22875
0.2275
0.22625
0.225
0.22375
0.2225
0.22125
0.22
0.21875
0.2175
0.21625
0.215
0.21375
0.2125
0.21125
0.21
0.20875
0.2075
0.20625
0.205
0.20375
0.2025
0.20125
0.2
0.19875
0.1975
0.19625
0.195
0.19375
0.1925
0.19125
0.19
0.18875
0.1875
0.18625
0.185
0.18375
0.1825
0.18125
0.18
0.17875
0.1775
0.17625
0.175
0.17375
0.1725
0.17125
0.17
0.16875
0.1675
0.16625
0.165
0.16375
0.1625
0.16125
0.16
0.15875
0.1575
0.15625
0.155
0.15375
0.1525
0.15125
0.15
0.14875
0.1475
0.14625
0.145
0.14375
0.1425
0.14125
0.14
0.13875
0.1375
0.13625
0.135
0.13375
0.1325
0.13125
0.13
0.12875
0.1275
0.12625
0.125
0.12375
0.1225
0.12125
0.12
0.11875
0.1175
0.11625
0.115
0.11375
0.1125
0.11125
0.11
0.10875
0.1075
0.10625
0.105
0.10375
0.1025
0.10125
0.1
0.09875
0.0975
0.09625
0.095
0.09375
0.0925
0.09125
0.09
0.08875
0.0875
0.08625
0.085
0.08375
0.0825
0.08125
0.08
0.07875
0.0775
0.07625
0.075
0.07375
0.0725
0.07125
0.07
0.06875
0.0675
0.06625
0.065
0.06375
0.0625
0.06125
0.06
0.05875
0.0575
0.05625
0.055
0.05375
0.0525
0.05125
0.05
0.04875
0.0475
0.04625
0.045
0.04375
0.0425
0.04125
0.04
0.03875
0.0375
0.03625
0.035
0.03375
0.0325
0.03125
0.03
0.02875
0.0275
0.02625
0.025
0.02375
0.0225
0.02125
0.02
0.01875
0.0175
0.01625
0.015
0.01375
0.0125
0.01125
0.01
0.00875
0.0075
0.00625
0.005
0.00375
0.0025
0.00125
